# Created by Octave 3.2.4, Thu Apr 14 18:00:57 2011 CDT <josh@hell>
# name: t
# type: scalar
2
# name: v
# type: matrix
# rows: 4
# columns: 11
 0.1203892970493263 0.07655702661107321 -0.01220050037582342 0.06994267556207469 0.07093874188673913 0.06012781851140873 0.06126393117544333 0.08032683034609955 0.07300209594415208 0.04867498737655315 0.02152161509827411
 0.4580284332976833 -0.02552928165900428 -0.2236287947210759 0.150375762906383 -0.06600899023169067 0.2803298768839412 0.2060057390500733 -0.01433083223436924 0.1176756459418829 -0.1311636992952412 -0.174091397581127
 -0.2302561583508513 -0.04238005918364987 0.04363393755134649 -0.1012220000114336 -0.02858167993916171 -0.1367773782469275 -0.1164556842863292 -0.05216141858601327 -0.08759538113569176 -0.002234412668370264 0.02343529624535498
 -0.3541824367619657 -0.0006188743498766953 0.1864653284474529 -0.1267081825967904 0.03690022776018238 -0.1974612395611998 -0.1538718651605178 -0.004407340300160316 -0.1052180402126456 0.08523835955110844 0.1308341438934955
# name: w
# type: matrix
# rows: 10
# columns: 102
 -0.01780297125682087 0.001555090563658852 -0.001302923854048354 0.09218492542350709 -0.1142562528090216 0.001968445591471032 -0.002735514525773226 -0.004625902415229249 -5.485522396726193e-05 0.003682432284556182 0.002064982136046511 0.003381806345807746 0.001050942966053583 -0.004305640605889133 0.00397715198750774 0.004488147835232941 -0.004328483831266256 0.002576623952927513 -7.228516790519945e-05 0.003339056786703689 0.004934795792994489 0.0006245122520778618 -0.004403100401007044 0.003283706411713435 0.003519389632748581 0.001144404222001644 -0.0009887936729393023 0.000841574924534883 -0.002085664576177743 0.004372380341291545 0.001067775363784799 0.001911418652098314 0.0007111934670925836 -0.002868388842434877 -0.004936861994191056 0.00345856622126541 -0.003597997141540906 -0.003743973218265058 -0.002474893887028773 -0.006529537779335069 -0.003669014363662349 -0.001348357054595575 0.00184866678887459 -0.005101058038119484 -0.005417933335444203 -0.001414217718697767 -0.004747884535271648 -0.005841882379239589 -0.002623657326356367 0.0008357709484549191 -0.009741245297518507 -0.004120525026054932 -0.008037275763390826 -0.005305508483016006 0.05757825788487724 0.006514699545820351 0.01133175369463728 0.0008395775942863876 0.003058842149057827 0.004457260067689361 0.002279911249245632 -0.00460440675313603 -0.0007671048463067644 -0.003354534911978515 -0.01994121059938458 0.002373813625345618 -0.0007025226139739638 0.001757590398377787 -0.003562406294862816 0.002378391530876524 0.001753044255563029 0.003350151040557184 0.004989758800747225 0.0002104762908676751 -0.002121787865063209 -0.002249475192085608 -0.0007194480743927654 -0.002727796369250344 -0.004265073716624719 0.003857168252588884 -0.001464607035743732 -0.004340774261641676 0.004717496069695648 0.0009926987346385748 -0.004005226374848332 -0.003873406722319968 -0.0008496251570004034 0.002734276547731554 -0.004773873357100803 -0.00402640824715288 0.002275308181199408 -0.0006535579865717274 -0.0002570063260951094 -0.0001355151236925057 -0.01254450680961751 -1.625693639397238e-05 -0.002885488470086921 -0.007521982343294154 0.006060840537966022 -0.002642561728330837 0.0100886554577068 -0.01268563899623526
 -0.0004014755719048196 0.004505476165253358 -0.005149663438609816 -0.148622970216069 -0.2403237506367194 0.003693328772057544 -0.0008491337250142411 0.006997383344372362 0.004675475303178748 0.01013949580074135 0.003394806617905277 0.007692856450417118 0.007726494322048918 0.001439647245847012 0.002463640865932973 -0.003004442617617532 0.004687339909654454 -8.205137942539275e-06 0.003582604121180877 0.002079261913331128 0.005263965177613531 0.001534030502646389 -0.00186974515233924 0.0001315676195141024 0.002441592602579422 0.004098160511015356 0.0004749608512822746 -0.0002681860526963462 -0.004538279231074647 -0.002922807178833762 0.0003919431007210805 0.004175758376161205 -0.001330970761172694 -0.001448020632643207 0.001474078641352879 -0.004478185973447306 -0.00327487850827357 -0.00490552495496328 -0.005139087663538714 -0.002256241316228145 -0.002771286753857574 -0.0006735625689915853 0.00171816311665353 -0.0005782686582142763 -0.002599065795605947 -0.008806131491463896 -0.003460671155165457 -0.01254129271338811 -0.006468214551076151 -0.007023140779669715 -0.005063438363253972 -0.003053523749776943 -0.01304264747382443 -0.00726564879031997 0.03238992757964163 0.002706429635776628 -0.007594381608797411 0.002777156314522485 0.0001928131226089925 -0.002247465777683624 -0.003524580943560688 -0.005428559058172736 -0.005118134439109171 -0.01155137725115263 -0.04282631542416909 0.001933498284917183 -0.003567933139047927 0.004849829378672415 -0.005920402112138188 0.003830379023269686 0.004697291187860782 -0.0004645467690774783 -0.002586490208111487 -0.003271869337080542 -0.0127696944200809 -0.00427805112858897 -0.004688478201219617 -0.003389481185535329 -0.0004476021962621031 0.001310242763928636 -0.002300317873640204 -0.0007794449541616809 -0.0003046151514546787 -0.003436035631224601 -0.005220104019046695 -0.01036580081666193 -0.01249442250157187 -0.000800319942466555 -0.002506202854569246 -0.002128883655411055 -0.001768462801261333 -0.00294561716572877 -0.003967109697665009 -0.005930126359876739 -0.01830816103358496 -0.007829042120225447 -0.008258535452655136 -0.01832985383681586 -0.005968271484139427 -0.01605996405034416 -0.0009516107617639574 -0.003267473205891403
 -0.01287737652905753 -0.001752051237768776 0.0004898387257236469 0.1612155539534606 0.1072340631568934 -0.008345558962728258 -0.01306454581901379 -0.01294006650839193 -0.005275656354475845 -0.004658118859776786 0.000772837937681717 -0.006345344465900622 -0.003898206398089836 -0.00553539686908601 -0.005075145573506641 -0.002267074217053713 0.002636396832728158 0.0007221417364373369 0.001984925306801339 -0.002881976689494353 -0.003383229022140151 -0.001874744821320473 -0.001832103881810634 0.00349052608370575 0.003664027273388862 0.00259727408934609 0.002644245437401609 -0.003859868307481866 0.003105045128620593 0.002277425435585796 0.001443065817754807 -0.003949980551050116 -0.004059569782851509 -0.00617048933233113 0.0007548008537691268 0.001796908046359508 -0.002969095281510555 0.002982258617310466 0.003474360960668625 0.003997025847175329 0.003650358275945505 -0.003171466803076272 -0.002661269767281232 0.00544645816771021 0.005194297937862438 -0.002091111642479063 0.004861087003396419 -0.001335680452876553 0.003183752832656575 0.001000758220273866 0.001677709394821671 0.005934296513418111 0.0007636906608267577 -0.00596749481335208 0.04214785941139372 0.01616194120261454 0.01290906170066243 -0.008278978069600505 0.01231138975629188 -0.001921569216273775 -0.002878144171131868 0.000619828462166041 -0.003686055255054123 0.00572854846335493 -0.01480392093596643 -0.001021232664351949 0.0002494857239985633 0.0002767203534348549 0.004008186845173635 0.0003655473843720581 -0.003195599436415573 0.002300562345672547 0.00476719287915668 0.0003149998270920266 -0.002403574006687786 0.00365137941258488 -0.002784813768067434 0.0011252387218313 -0.003505948489382113 0.001215473974334742 0.004061017531369685 -0.0008594979229890572 0.001886522018987456 0.00312403793780731 0.003095430765988591 -0.0004059599610513687 0.005282403594442247 -0.003307982038166951 0.002864096122732308 -0.003689132056601268 0.0005951458169076206 0.005619713734967511 -0.001142597990786964 0.003397327023315452 -0.001393615480543067 0.005640998559529234 0.002465181023169719 0.008237415705373981 0.01353478140618186 0.01483007008604759 0.02183169255894114 -0.02568512752331608
