# Created by Octave 3.2.4, Thu Apr 14 20:10:36 2011 CDT <josh@hell>
# name: t
# type: scalar
2
# name: v
# type: matrix
# rows: 4
# columns: 11
 0.4219138343862807 0.3999354476897288 -0.524980818840578 0.3248454133579656 0.05777288820816572 0.5614091722734811 0.4439776779922061 0.3992253545520548 0.2018004618050576 0.07125449122704543 -0.330453589032125
 -0.09807175274432686 -0.5527644632640837 -0.3521150393879646 0.401898772742565 -0.2100474530722508 0.2837906883704007 0.3836875693540674 -0.6370822998957939 0.3573627419393852 -0.9437956035730264 -0.4561537262693098
 0.3173018301069545 0.2196356660723731 0.554000180835974 -0.3465906011250175 -0.02099024442995159 -0.5083497725698987 -0.4834942764445461 0.4872458816566349 -0.1541578600403524 0.3407594685719029 0.5256085856073349
 -0.6471647765147142 -0.0587778390794751 0.3173656482944715 -0.3877653291152803 0.1865131087701048 -0.3306310104867594 -0.3472288501230578 -0.239961697087339 -0.4071410231663926 0.5322968787381275 0.2626983873500975
# name: w
# type: matrix
# rows: 10
# columns: 102
 0.338917495787933 -0.01949780742628853 -0.01898547734359768 0.08503345277295291 0.2824648252144609 0.01223342356561481 0.1715895188747651 0.0797886343035068 -0.009649181973266375 0.02557491285397234 -0.01360008544072374 -0.01160677825804927 -0.01137667465862906 -0.01025695806431752 -0.01556311879142847 -0.01165291574014725 -0.0117608335151046 -0.01497317614330665 -0.01332327785447419 -0.01516772463440029 -0.0117485263471062 -0.008598723359860304 -0.01708356926678275 -0.005661507219900609 -0.01545718694484131 6.119974259227346e-05 0.003705039152999893 -0.004294322080147496 -0.00736475717603176 0.001706960490425631 -0.009822103878808977 -0.008222846484962226 -0.01893384488981787 -0.02333165313960817 -0.01667510596661474 -0.01757054051316699 -0.02847673248732987 -0.02344258099156106 -0.02871341076291252 -0.02763930656455322 -0.02351193631943369 -0.02624490224271411 -0.02043782409976292 -0.02944702389218192 -0.02553297900682326 -0.01303247398104131 -0.01389987766873484 -0.02685419397181825 -0.004837040311324516 -0.0109511570813654 -0.01571360326213501 -0.0240720151610375 0.01421912743249152 0.08807480636445761 -0.08208738102463353 0.03274587403285802 0.01943178781484498 0.1903074956096405 0.002145350938079303 0.004229569741547784 0.02285555624420651 -0.005604146980765319 0.0007158049024043038 0.0009357770877510419 -0.01368123922285945 0.01062029805422025 -0.01397434848516156 0.01194593723893648 0.006588995579761866 0.004802457124336548 0.01547246711973587 0.021331559199848 0.01768033065113003 0.005738707001962324 -0.001204010598293575 0.002653067661357716 -0.004948312118829759 -0.01078348900685764 -0.009715865802741929 -0.01789834545061494 -0.02224906783252937 -0.03414833424160686 -0.01260701323822576 -0.0271112760227714 -0.0271951560496959 -0.01555940380134993 -0.02693163405240459 -0.02821946663395319 -0.02577898878583834 -0.03491978474780763 -0.01858054917881749 -0.01805378427589687 -0.009985846393465034 -0.01070691415898675 -0.01208181594045336 0.0008297719924587571 0.08589347578396683 -0.009185761485431829 0.05879947879128614 -0.004494480622333748 0.2389924951559481 0.4744683047246921
 0.1828304691560928 -0.2449158615168445 -0.2573017649832279 -1.774586084848933 -1.998929286245209 0.2555257237094525 0.06417344764483086 0.01535075771055248 0.03896849541564235 0.02277626227124171 0.03711659638869445 0.003922569601300786 0.02864166418988943 0.01791432341188755 0.02770240689880229 0.01820980236938916 0.03349635308263029 0.02413946126809673 0.03831136034697348 0.04362248809788352 0.03254979657753979 0.03024567843122173 0.04768389343619856 0.03297277395419155 0.04376382801562308 0.0481307579641887 0.03440619021114535 0.02560561998399778 0.007329773546641235 0.01972780370808901 -0.07414298078623359 -0.05795732262134045 -0.05967555616330222 -0.03234893016603616 -0.07010533742716933 -0.06538613835024648 -0.06494619649003409 -0.04634714837815859 -0.0517891409057767 -0.0412963478082048 -0.05148187944007011 -0.05201820792743462 -0.05316904759898887 -0.04956790356670335 -0.0528812112606686 -0.03469703028213055 -0.01417712244662367 -0.02937538311588228 -0.0214114021069071 0.01318015823149174 0.0007121768804521579 0.000691264295896861 0.05596601165565586 -0.00483732864196603 0.1071096726514895 -0.05552134131463903 -0.0720265694010279 0.5419630694910533 0.007932017538475904 0.01674169394791357 -0.01555180925341971 -0.01653008997369422 -0.01031089220650338 -0.02357926112805936 -0.05038504031350137 -0.04649168953807999 -0.05614989949165777 -0.04197542816934216 -0.03894059476485109 -0.05544512865053652 -0.04577663038057425 -0.06137843250439817 -0.07059327534536572 -0.07759541558455008 -0.06525496641509418 -0.09129416957122763 -0.05442345617054808 -0.06841156194219813 -0.1224514536508556 -0.07852327838273901 -0.06545452222290701 -0.0775617915700258 -0.08354475817850872 -0.08483383392580122 -0.07282551150500764 -0.07205343122895003 -0.06048636087414064 -0.06210496418826547 -0.03220027703646183 -0.0318390780049656 -0.01892040596068825 -0.0176564971256099 -0.0315581367882859 -0.01955089232421037 -0.04550510102949577 -0.004966911921122286 0.02075174099912593 -0.01368035487695318 0.1153104519266511 0.008246054501114986 0.2340902087170994 0.132803630289026
 -0.2083086692162553 0.1231625403585146 0.1189231944331818 0.7851256216438687 1.035117428479396 -0.2063662629751086 -0.09875668571177279 -0.0439674548329026 -0.0209490414481533 0.009254203777690696 0.01180584004275351 -0.01629682439369643 -0.005289512160666913 -0.01144646302110171 -0.01499784866757886 -0.01405612129275525 -0.01728958741009965 -0.008002585838872657 -0.01691888430018923 -0.01496956448788883 -0.02283528629011467 -0.02180149398362753 -0.02420589311518495 -0.01632401674131409 -0.02340095955571119 -0.0226311759494319 -0.02541953292281813 -0.03256767796691791 -0.00850066223565569 -0.02478863639205535 0.02661002363244314 0.027236689168768 0.04201514759154532 0.03470291422587643 0.03918118772971576 0.04099190058223087 0.03516532948403334 0.0355798237391381 0.04383151650489558 0.03788865824840389 0.0296454018969106 0.02747276931096098 0.02544841198308687 0.02606155055444349 0.0277172312076994 0.01460350034553968 0.02811056671464461 0.0111249635251201 0.01380830416106097 0.01779153911110733 0.009338026713925793 0.01209363483059632 -0.03975401639347337 -0.05687920307669761 0.0175706833810608 -0.4670552374179726 -0.03523925096517224 0.008272078794953511 0.01246125646559191 0.02659698309333786 -0.001123801166876606 0.02296104548400347 0.0009760468807433378 0.01030234646615857 0.00195796195205141 0.005831717714220846 0.03044661402727479 0.02348246510668012 0.02418843478646534 0.0249232424512374 0.01620996800492211 0.02958081494662727 0.02721150354264126 0.04298240084774947 0.02741506062714607 0.0273151202100388 0.03243007334492835 0.04487314509115648 0.06238562329845953 0.04797604980715749 0.04736478717452917 0.04325586590206783 0.05401782404784489 0.05286174254288892 0.05593239201499326 0.04081253732701457 0.04410799699669879 0.02760332960010087 0.0439848289508836 0.02905118448290128 0.02163226914238421 0.01417558322781475 0.01682263665882698 0.01557294219170148 0.00720535642867307 0.01204198471400296 -0.09146173499811386 0.001853196159623352 -0.03425566695250525 -0.01648789711922215 -0.2958111267812407 -0.02705713033541345
