# Created by Octave 3.2.4, Thu Apr 14 18:59:30 2011 CDT <josh@hell>
# name: t
# type: scalar
2
# name: v
# type: matrix
# rows: 4
# columns: 11
 0.3184673577458943 0.1976436986382122 -0.4922417548570974 0.124833977872055 0.1145924934492834 0.4282207242194408 0.2621758745535122 0.208493361363533 -0.05864903967630933 0.04177992907604122 -0.2700100667103725
 -0.05952235281786382 -0.3989677145250289 -0.6100265363009953 0.4839594137063061 -0.5080861016411383 0.2942730113240252 0.400778243204545 -0.3736757514931243 0.488985711645112 -0.7061201058626415 -0.5902198146763546
 0.454093269422837 0.3596639134175745 0.8782962970507674 -0.2377747130292544 0.3720295507478916 -0.2747736609317596 -0.2701708043730198 0.3438978873087006 -0.08740803809824017 0.4257883754274028 0.6842503890486523
 -0.7190591391166745 -0.1503110861122147 0.218241965009228 -0.3786304226888731 0.03471235692003161 -0.4415009970244824 -0.3958411926063685 -0.1692882579535529 -0.3450643133328652 0.2390670363232467 0.1776791499940724
# name: w
# type: matrix
# rows: 10
# columns: 102
 0.08393002690262021 0.002663102506744996 -0.004496624382179308 0.01307062709916016 -0.3433646358369965 -0.008051455284293215 0.05574509047535101 0.03851305045597513 0.00710034793085659 0.01623070817394385 -0.002360025279257744 -0.008732920872405382 -0.002290610836572777 -0.005446982800067725 -0.003815976831750371 0.0005195081065666922 -0.004841766553814963 -0.005142176048411022 -0.006369515759554265 6.882878680644748e-05 0.001633471118164858 -0.007023181564505675 -0.01321269013448173 0.002568233269056173 -0.0063368438897933 -0.001761614277499519 -0.003036670959973588 -0.002123073697050291 -0.003394028123119477 0.00456659455557487 -0.0003654182364371576 -0.003827398500865814 -0.01277431948604252 -0.009162325726646204 -0.01384601780273437 -0.008614391328148464 -0.009828550287617061 -0.01389346143643473 -0.009754516085673008 -0.01822563757664475 -0.01839849535996501 -0.01483374232382891 -0.0116028506881637 -0.01451588756001886 -0.01842973713361788 -0.01173077720182102 -0.01385147623005009 -0.01484641736335434 -0.005508059882781418 -0.001634775530774547 -0.009964561838875221 -0.01470486859387981 0.01543085069110842 0.02018355722591916 0.006507466047423474 0.02718779782631952 0.002073720353141861 -0.06774344183523315 0.006959652648205241 0.002632496177859756 0.01786643833178135 -0.003954431578371018 -0.0001167813555700985 -0.00325929726576707 -0.01823346741902583 0.003848132628309705 -0.002451375786048688 0.00293143197178859 0.007172381013794965 0.00420177325328511 0.009563108462530452 0.01072391565446595 0.005751002353372154 0.004937356411538629 0.003853418680835099 0.002884252625120961 0.001929688503748363 -0.002293469827118227 -0.004873320780771019 -0.01269527908583147 -0.01395859490857932 -0.02006234862960531 -0.006829044158653544 -0.02233922563659403 -0.01833786630496007 -0.01542307213268161 -0.01949807902156482 -0.01782485545882561 -0.01866637883195273 -0.01501198308690123 -0.01181250677795131 -0.01405439738477583 -0.01038849750477107 -0.007757244157213697 -0.01268834580287115 -0.0007233808292606926 -0.00226104082887159 -0.009029407579806092 0.05636347248783591 -0.01181612266622598 0.127686415990842 0.06359916863123098
 0.1217602951557631 -0.105075907860894 -0.1329956357168075 -1.04114597707548 -1.366603945531151 0.1409389308574086 0.04697724099385422 0.003518618937938515 0.0234476773080349 0.01753360580589872 0.01931768681862029 0.0150838623861536 0.01173447801554076 0.01240305274159542 0.02256981573511677 0.003971764695058015 0.02172025642779965 0.007934218233822855 0.02669472733547394 0.02086647762944499 0.02403598383343556 0.009967986038234506 0.00679685767383569 0.02057151673778269 0.02082875854371292 0.01342693692544199 0.008336800104947891 0.006989100910672711 0.008333150124353176 0.0115244639522643 -0.008796103072053465 -0.02558028333358001 -0.03520213494180564 -0.01027333384833854 -0.03841683522420594 -0.02407144571591004 -0.03271868996516254 -0.02500703621276308 -0.02470275195281608 -0.02934140940540626 -0.0254253387321789 -0.02672114227066532 -0.02761481254480422 -0.01614330182427988 -0.02535802416988779 -0.02853911364015818 -0.008673072629363761 -0.02937851707515973 -0.01926308669777392 -0.01414419891128198 -0.0150357049132348 -0.009893548421910496 0.04284865598995572 0.0180312295271814 -0.05408951106214013 0.08960688153916659 -0.05207229535879639 0.1280601443161343 -0.003554048071439968 -0.01591844498049429 -0.01890426076340438 -0.01811625043202895 -0.01336660078667356 -0.01094438472037348 -0.04686786370581705 -0.01174329267771284 -0.02264653662772363 -0.02465817511403182 -0.02787512909925405 -0.02026706897527556 -0.02187691897541964 -0.02312665539691788 -0.02730812311175768 -0.02678937093837313 -0.02998323146627445 -0.04119954800474975 -0.02994927234574482 -0.03761414473513381 -0.03710570015781762 -0.04433252443924501 -0.03260899979440791 -0.008079832371427093 -0.05798216395644711 -0.03892247284990225 -0.02989998605933163 -0.04273691073260242 -0.02959768920312479 -0.03658253608211288 -0.01027092098946792 -0.04303125943974798 -0.02281968441008646 -0.01943270000507889 -0.03928848298864265 -0.01744609215988003 -0.03465385506931948 -0.01460586842932036 -0.03001820544073399 -0.01506530959877279 0.09224602242167036 -0.01085423710075887 0.005694517630041382 0.007418446134743585
 -0.08097787445947516 0.07423331640834881 0.06819670163374156 0.6580745422102887 0.7520854947210421 -0.1157857963826462 -0.0551172845665636 -0.005843182033498467 -0.01792835798521095 0.003279741322287517 0.002858522319612366 -0.006168561727061091 -0.004145941937442929 -0.006762902623213725 -0.0109236201610815 -0.009946106244543902 -0.01271922668030167 -0.0008968626372636369 -0.008834656029163912 -0.01147024237987382 -0.00947340142267938 -0.01187387559165358 -0.01310267827877271 -0.008908159260300492 -0.01039986553532874 -0.01457527354422294 -0.009755821019606868 -0.01552871303272123 -0.005149650965627556 -0.01468734932098908 0.01011682145002032 0.01090047525677384 0.01479042055401661 -0.001423182589511613 0.01458738966036464 0.01750952192469734 0.01195312468290753 0.01799628708375268 0.01973842601012905 0.02448214346660509 0.01069671352382909 0.00809815219784539 0.01194107623717682 0.01545994073099312 0.01325723011201384 0.00783114060154021 0.01390557841452199 0.003907023858090062 0.01208941466378113 0.007453071368201432 0.00811121529282903 0.01237714425659939 -0.02560246660056316 0.001593511241057654 0.06646111897234096 -0.08171466715732287 -0.01019107756934557 -0.1094267885886537 0.01260003518615996 0.0205371686694157 0.001971393537909205 0.01041663006525705 0.0006457419125749927 0.006724300043509481 -0.003746315359042488 0.007946711713650476 0.01372463248767409 0.01919309103657569 0.01263977155656 0.01984238712907425 0.01048457457424371 0.02134649783549023 0.02167492952371106 0.02217446360341196 0.02206082119642022 0.02815984915482103 0.01794435953352497 0.03040322515791175 0.02477173345749065 0.02086861335520709 0.02971846307372966 0.01591660995181204 0.0363478028273418 0.01990905694700727 0.0199902245025709 0.02078046789894609 0.02157642031137511 0.01309715342536262 0.01141492690911404 0.01176711602944701 0.0137734010093723 0.01076190723414158 0.01868674649951708 0.0105297086713619 0.01464409720282285 0.01310164512858899 0.0124049992086589 0.0009420967967089181 -0.001802731966766525 0.008249893213631836 -0.1734668530929816 0.06818517060139812
