# Created by Octave 3.2.4, Thu Apr 14 22:28:57 2011 CDT <josh@hell>
# name: t
# type: scalar
1
# name: v
# type: matrix
# rows: 4
# columns: 21
 0.1609657318507269 0.02159469006716687 -0.02299739570482785 0.02250893830354015 0.01331231992661669 0.0126248859252293 -0.01104733197394508 -0.01068396752238596 -0.001852113122975937 -0.01897599051954154 -0.01155214898981849 -0.0248528147677631 -0.02938562763214071 0.01757202087583465 0.03450311270818821 -0.01063699635975517 -0.0123832712918851 -0.0131146024744773 -0.003864647284249626 0.01753163427838709 0.00369838686844854
 -0.1727233425639204 -0.08731337274405812 -0.1013637934955197 -0.09259351545434717 -0.1015635268796161 -0.09409005616303588 -0.1055885149287496 -0.1078130436953836 -0.1023036738682647 -0.1070411863095765 -0.1017581209585089 -0.110943503613267 -0.1115021182732425 -0.09487678521369548 -0.08626481132134831 -0.1026950423059975 -0.09863272071833204 -0.1008539261801098 -0.1023205436473054 -0.09197332256622916 -0.09896605529147225
 0.192641612433155 0.1053568813193812 0.1555696953468273 0.1101869121008544 0.1218674882009917 0.1149836477299999 0.1564648988339254 0.1493092057251907 0.1351205691909158 0.1615241549603554 0.1459592529905352 0.158525590760957 0.1797369685601235 0.1155021679141162 0.09600503328520671 0.1410967092378071 0.1451189767806661 0.1425283306121899 0.1370576143943714 0.1150036834186425 0.1225556322686335
 -0.1922250523985737 -0.03333191293302705 -0.03430614836545893 -0.03938846744075231 -0.03422726360828435 -0.03735465926374398 -0.0296383470507123 -0.03396634078738518 -0.02855219177387161 -0.02722643220980073 -0.029081814911259 -0.02868411924375303 -0.03074700290554317 -0.03475052236943915 -0.04004967591287305 -0.03166588208448534 -0.03216660204585568 -0.03045119922919735 -0.03551072176241399 -0.03674016024801939 -0.03399808464914051
# name: w
# type: matrix
# rows: 20
# columns: 54
 -0.01290794091102422 -0.003888606052988596 0.004207341371771878 -0.04249945478180949 -0.1479642112453577 0.013167051211079 -0.01008795046117208 0.03644690635363204 -0.002529647727539117 -0.007355611862819062 -0.01115334435335578 -0.006993763179401155 -0.009772353917851398 -0.009262388984772945 -0.002078203515959602 -0.001736854088678105 -0.000605071854974796 -0.001139224586977689 -0.003065485967314341 0.002763391679793461 0.004240014882265083 -0.000799214242710331 0.002642855976872263 -0.003518304006595708 0.004071734621949072 -0.0003330552080873099 0.001375260592009321 -0.003434122159766372 0.001918791190506242 0.002998148606651704 0.0007386828457387787 -0.004744715273988134 -0.0007980005837294917 0.003043872339501373 -0.001818958202206479 0.001572658649777017 -0.002437660213486452 0.002872577565676388 0.002829303701559408 -0.0004536071202035265 0.002107051696439616 -0.003105762335618409 0.001184256944431107 -0.001398422658145515 -0.002511815269491433 -0.0003004257192783827 -0.004512506962486894 -0.004971835953395277 0.008232427601975761 -0.001237599217593725 -0.01800135603459446 -0.01976358407788685 -0.0428254400526315 -0.06279605820044656
 -0.00991833789356673 0.0003780169327617932 0.001245694869544484 -0.1314216854003839 -0.1581132924771517 0.01573618406393689 -0.03410442753832017 0.003030011113708882 -0.0140758908718234 -0.01508874258847995 -0.009445399897883284 -0.0087744802396425 -0.0131093452409403 -0.006449151274513594 -0.004215453946214085 -0.002709697682438272 -0.003257630252811316 -0.006425469034183739 -0.007101605377864563 -0.006861370262535434 -0.00419208476270614 0.0001228901034179862 -0.004645073051549381 -0.003965657446009061 -0.002423934754007654 0.001354212397668243 0.002227482537388334 -0.001756682998157586 0.004035672324522136 -0.0002755943258414527 -0.002412039187295862 0.00386871006482294 -0.004399818265387887 -0.002915722510571555 -0.002639629092208031 -0.001701323177382376 0.001741978932200004 0.001587704609728754 -0.001136768180009611 -0.003938775472748675 0.001717729768969035 0.00264662168672268 0.004999351416176375 -0.001306973341723887 -0.005058409714380632 -0.0002438458706202799 -0.003503403552008652 -0.005560702717909783 0.0127973933873779 0.004875239911787191 -0.01943834650488015 -0.02139033685703433 -0.0588491620772986 -0.06751123882582691
 -0.01399766370157981 -0.0001833604690303538 0.0002281897090741488 -0.05010850381212031 -0.144539743659913 0.01668846533028885 -0.01064564983576315 0.03482317374915935 -0.005181915732500316 -0.01069732511639134 -0.009160814443872352 -0.01239873492850892 -0.002970275342613474 -0.008294439259756588 -0.001922418009095471 -0.005138883016153218 -0.001765353842884692 0.001472118041545198 0.0001253771444327998 -0.004697592497361115 0.000754142156551579 -0.003468203790138874 0.003506100830395356 -0.002011923235942248 0.004316411637394672 0.001160620732840136 0.0005740431706475852 -0.001308068150787126 -0.002464428016180695 -0.002821162240585749 -0.002505240803025447 -0.005447025676099047 0.00374625787166743 -0.00157958168973332 -0.000705208059382744 -7.124536356376967e-05 -0.003614463732940641 0.001354831151668841 0.004668989098000359 -0.00489798058178864 0.0008618928456008155 -0.0005853068621229495 -0.00339746560285034 -0.003081163797223446 0.0007700457414922297 -0.0008410552269409845 0.002492493270680552 -0.0008183636535052985 0.01472599563938528 0.003159922483427297 -0.01748887439960343 -0.02194315836401828 -0.04523303967645204 -0.07093137073057389
 -0.01507383125619315 -0.002230197808821564 0.001437062401963236 -0.06926799222146596 -0.1462807103509809 0.0160770754257079 -0.01353332204921301 0.02259656644205446 -0.01256893650128418 -0.01011382774383378 -0.01194740349264272 -0.004763968344821115 -0.01109686777107389 -0.006954940372215005 -0.005822684345920652 -0.004437317210822351 -0.005920305910582122 0.0004449375833254875 -0.002368164109011554 0.001749828666988038 -0.001892796444863898 0.003515572054959123 -0.00291806743984828 -0.005168003686345059 -0.001986521341960402 -0.0007045302965671608 -0.001675702174085269 0.0007346933700656075 -0.001677676926352335 -0.0006705571402837514 0.0003595901259148132 -0.0007956974418299816 0.002661095710388427 0.003049399317935833 -0.001726218430786192 -0.004091019358495593 -0.003603314607356857 0.003589638463044204 0.002380691832376219 -0.001946263076409045 0.001776227050546392 -0.003688554867648022 0.003920627771181856 -0.003077169909814089 -0.004024424499068461 -0.002748818835550177 -0.002786217908757942 -0.001653496971681338 0.01314856686184916 0.007071802529387702 -0.02000902564608971 -0.02189280107317704 -0.04872537913821654 -0.06736987225343972
 -0.01888400524568612 0.001514683730736209 -0.0005149835485837374 -0.06090418626281571 -0.1492778720785417 0.01171704254310051 -0.01334716210475277 0.02674632041742318 -0.007969261887585078 -0.01600178874981723 -0.01131436677070565 -0.007869659313016884 -0.009444233211841313 -0.006534377665558012 -0.009840383442995893 -0.00114626784305008 -0.009056879867897142 0.001095776150644427 0.001490764369078652 0.001075574473889579 0.001326475470005457 -0.003652292834025616 0.002379847965578978 -0.001182171033217418 0.001615858092085753 0.003326804461118284 -0.004805922969143455 -0.0004338559380092242 -0.00523754965437036 -0.002483046099069175 0.001881594935184323 -0.004137108012724352 -0.001236358413242079 0.003743982553418206 -0.004118241193503191 -0.004742772425927573 -0.004573700465586602 0.004562631639224316 0.003827298399101602 0.000171703629490917 0.002261187949472906 -0.002075641166430061 0.000161989940820598 0.0009603643660078126 0.0009801196649440872 0.002734611697207616 0.003392201469478973 -0.00314462503858055 0.01422270573078971 0.002874567713432288 -0.02055090981765142 -0.02353463795668784 -0.04438005706372353 -0.06351735581935392
