# Created by Octave 3.2.4, Thu Apr 14 23:51:35 2011 CDT <josh@hell>
# name: t
# type: scalar
1
# name: v
# type: matrix
# rows: 4
# columns: 21
 0.9046039745693433 0.06241787676402233 -0.2746840485475737 0.1037859722123926 0.3439226282555784 0.3333638406244311 -0.2419234235651698 -0.2415716945670154 -0.02996734809249747 -0.28425367310391 -0.2341887579246428 -0.2479480907414102 -0.3773110062104702 0.1156334041618964 0.2756210885523152 -0.3002454198566742 -0.27280082434692 -0.2672702554355821 -0.07554041219253828 0.2932864930558883 0.2161568163271562
 0.7010267890503689 0.1356100614186093 -0.2496942677700601 -0.05981574902233095 -0.2543606858866877 -0.2183034745643741 -0.2221808136952825 -0.1986186955742197 -0.3094253551364472 -0.280119873445873 -0.182397162102801 -0.425397688663147 -0.3145569308535852 -0.0863250166167302 -0.04866272804365428 -0.2056312130220527 -0.1861865953696476 -0.1770987303105967 -0.2181863908839776 -0.1940190721857684 -0.2948041408176421
 -0.5494367451489296 0.1696553428961532 0.2766725209665052 0.4800563855256366 0.3320741466295887 0.3278016947945993 0.2361908030568342 0.1674489239430392 -0.06220677260988363 0.3175819912445557 0.155900449704287 0.3735956870111264 0.4221912617615761 0.3353943780989103 0.2232355564485878 0.1434389677763789 0.1529459412418274 0.1220689663730096 -0.1985915362609666 0.3138147578165488 0.3413366751019484
 -1.067535069149394 -0.3613769953693217 0.2446081531321497 -0.5233127412064018 -0.4222470713587718 -0.4466982426262077 0.2381041390841372 0.2695873199182313 0.4040120662646318 0.255072101226664 0.2642526384541044 0.2937952455296047 0.2777788950516743 -0.3612558844372596 -0.4460002581980746 0.3585364535899169 0.307977861199334 0.3204086221015757 0.4876800410378848 -0.4092603438038886 -0.2693994714149941
# name: w
# type: matrix
# rows: 20
# columns: 54
 0.1411445373394221 0.006667274810890109 0.01538546189112132 -0.1670754570935531 0.02934540610006479 -0.06475580186988686 -0.4029464512810506 -0.08775740250497578 -0.02681811852125677 0.01371007926351442 -0.05484394009123862 0.006467646388060377 -0.001412133468566659 0.007996268711379271 0.009171096919482122 0.01456176577274645 0.01339775447916631 0.02374884914813513 -0.01353313221745455 0.02639910343692966 0.02811402265251465 0.04073844584706861 0.03660127837820018 0.03498813240192851 0.0458610346446142 0.0404821576334743 0.005387401682309883 0.0451664752915732 0.0331651019737069 0.008815188069819709 0.008618111882564897 -0.007525757396603095 -0.00360719887930376 -0.02049599124999905 -0.008911063686775366 -0.03987992458440974 -0.005618114398614236 -0.01451483870344926 -0.02202522540719489 -0.01603948971779975 -0.03005684513137592 -0.007440006168306421 -0.01238261278797764 -0.02185076000411076 -0.08752935867501815 -0.01295737011606261 0.00577931199578839 -0.02026487341468766 0.1381105159984298 -0.02219852768672596 0.2168316562022617 -0.02405992480817261 0.01187785180092609 0.0131750152326052
 -0.06102844460560061 -0.2447377529228331 -0.2192623796733787 -1.340839881958068 -1.238601874988499 0.0980568847742465 0.08788955687257184 0.05896559054723968 0.1278879997946908 -0.05286658835172287 0.3144898942128801 0.1117167378569766 -0.03210649552954822 -0.01803042602657251 -0.02606516773780243 -0.03336050028186562 -0.04584843113335522 -0.05712379610290597 -0.1109636208924046 -0.07010755197746661 -0.09555554831495726 -0.1010272599962144 -0.1036124666481314 -0.13231255170001 -0.1029370366408277 -0.1387774153763338 -0.1684019707135062 -0.1783720347337572 -0.1375680575161961 -0.1983227093820879 -0.2286994110208125 -0.2138233901945827 -0.2156770942761093 -0.212853923683953 -0.1531831187358882 -0.1386828819973414 -0.1272907451251233 -0.08589151784472379 -0.1027785552851555 -0.1029597951467152 -0.05590859922345781 -0.01563742092915512 -0.05338910803320384 -0.04104802513799587 -0.05177543160038573 -0.02560916646855912 0.07108859007354934 -0.02946110040533789 0.1527186415636667 0.02556756949187151 0.2009582703870638 0.00186968735811942 0.2546039275957874 0.1201103251005168
 0.172154665188553 0.009937475001859073 0.02178600857170307 0.1375106645141022 0.2490437514818187 -0.06141159518323312 -0.4894159562163737 -0.03451542272859657 -0.02803104840759799 0.01454620857145318 0.06074684360625977 0.06649418768340516 0.01509020310024475 0.008254850161098658 0.01459284984840916 0.008684232983885404 0.01544335731760755 0.03505260110103802 0.01873965896754056 0.03931772735531777 0.02290208199828862 0.03521055864348004 0.04239425349107824 0.04668062124962446 0.0487530682601989 0.04234219932264954 0.02006038694449875 0.07685310944651852 0.03710707102882073 0.02197948913091391 -0.002802743780096849 -0.01297090480846528 -0.02130164387352065 -0.01767988950233047 -0.007066392108927507 -0.04841476958801099 -0.02129095425603118 -0.01317279346642702 -0.009397660929593049 -0.030923726842823 -0.02438242733517051 0.003772132652427108 -0.01966095244206105 -0.02726220001202445 -0.06139619261613911 -0.0126295121531159 0.04470829960474111 -0.01738992346258354 0.2036001094722696 -0.02778117034518704 0.2221118956591372 -0.04075474208034315 0.1106801766042532 0.05207154577122423
 0.1170868889244561 -0.001645999426462092 0.001734793717715939 0.3849223293483124 -0.2523559834822025 0.0102149878486184 -0.2741229883057099 -0.0263470776775642 -0.008644240750398184 0.009203875620003825 -0.0243154906751671 0.02596030083242749 0.004006225486412251 0.01911498127594106 0.01008395942488751 0.01592680935069478 0.01466930544675837 0.03032224405875044 0.0255533497647387 0.0344746283914086 0.01655130607687422 0.04330570718641132 0.03365561589586977 0.04573137315620273 0.06683700764769877 0.04331255885496525 0.05022480896916692 0.06723948177953963 0.06562174745459716 0.08806063873857514 -0.002540609951799875 -0.02264010239182597 -0.01222402387839729 -0.0159635977947329 -0.0325426404912301 -0.0558038975878858 -0.02037114136439337 -0.02924464161994888 -0.02119186600165496 -0.02557993879399693 -0.02765311618714819 -0.02544277093228088 -0.01543865474568131 -0.02367105582925013 -0.0617043067047464 -0.01600655295351763 -0.01541147267649318 -0.01666007745837403 0.03411273573614795 -0.01805286334260893 0.07608293843232482 -0.03796344981797963 0.0384773879620484 0.0908800795907552
 0.126777917114867 0.003634121891114834 0.003438113767548106 0.3814277111704426 -0.2293509283597256 -0.01615772306486994 -0.3234469438450235 -0.03445865169097809 0.001360293063050495 0.005711364032416656 -0.01026521529621018 0.03612434646022571 0.005927994840303054 0.02087895504577479 0.007127673108148464 0.01952459597842022 0.02046011208059378 0.03190503744465834 0.03206278757917656 0.03687239648689754 0.02120105712030988 0.0369412003061874 0.04413052645817805 0.04947100595358148 0.07182200218313629 0.04703550845252538 0.05117891996690648 0.07486426551334158 0.04565524127619187 0.07686618876983574 0.00101963801439145 -0.03037185927841051 -0.02344990658449651 -0.01900182592665457 -0.03616461400476381 -0.06241133811923801 -0.02309956867970067 -0.02779531056022928 -0.02190240503081092 -0.02376224170858968 -0.02848804819829551 -0.01983236502327517 -0.01908886313200119 -0.01999031691123322 -0.05313736927871027 -0.009814223961368584 0.001928206186430569 -0.01787766745286815 0.07068735720888125 -0.02144971725866114 0.1093440010640205 -0.0401809261172032 0.0076413312419845 0.08893543222864891
