# Created by Octave 3.2.4, Thu Apr 14 22:54:48 2011 CDT <josh@hell>
# name: t
# type: scalar
1
# name: v
# type: matrix
# rows: 4
# columns: 21
 1.092719917928208 0.3049010137143702 -0.2350669859504718 0.2952284869617335 0.2129040621925694 0.2386117329409834 -0.1289610101977968 -0.1189890363461107 -0.06306298172483882 -0.2414686279053367 -0.1166357791375915 -0.2841627929325984 -0.3307941210176971 0.2571647856612693 0.3740539923235521 -0.1020068162811978 -0.1135616169409731 -0.1116924358772409 -0.07569408665090654 0.2592297685588618 0.1117906135625001
 0.2879446577579287 -0.1656050443847635 -0.1720879907458105 -0.1734535181204084 -0.1930791610428051 -0.1829369376291799 -0.1625553307691611 -0.1698204812398816 -0.1914958063483608 -0.1816333670387785 -0.1648472794231418 -0.2071299199292705 -0.2211780190985128 -0.1825525506904569 -0.1501655055270844 -0.172691629082587 -0.1600404183909963 -0.1639771107569166 -0.1883592859359062 -0.1792177469476194 -0.2012147510930432
 -0.4938276154262834 0.1190493270090256 0.2948769527024548 0.1311287156156836 0.1645915263651622 0.1543645453007121 0.2245379715466409 0.2142656255390285 0.1200111624700098 0.3100431691182099 0.2067805437380847 0.3741391259736531 0.5272289436803009 0.1522499336151455 0.05906412971246146 0.1911579086835568 0.2015674029505422 0.1972139791925453 0.1534721587623395 0.1501273775910648 0.09100988728405186
 -0.8981780109384657 -0.2520390106291689 0.1091803817748488 -0.2521898169477135 -0.1850274098752187 -0.2138755223840664 0.07716907430083519 0.07138974576700019 0.1369602160289935 0.1213393717473424 0.07826968295359721 0.1111987400243903 0.03284541618510456 -0.2234152873791413 -0.2787589577497558 0.0796393251677967 0.07397101510602082 0.07656417017001749 0.1059429155248756 -0.226317564319526 -0.008295870557039654
# name: w
# type: matrix
# rows: 20
# columns: 54
 0.0264449612426682 -0.002169142346959941 0.004634639821106181 0.1133991392968295 -0.1244373515615747 -0.03870179151818872 -0.009160723697744413 0.01155163825532995 0.01451480400427535 -0.002637983757353078 0.01480698591757966 0.01131677086899031 -0.002042705159741539 -0.002372227837059138 0.002184453191301084 0.003145877945830651 0.00306678981466027 0.001083808484378582 0.002280530846628737 0.008206295909380155 0.01115237460313451 0.007043550645997309 0.01128948348271389 0.006848447104589215 0.007516915529919337 0.006906148393874921 0.009273278575722445 0.007064516835302431 0.007371688026190025 0.006360920174412829 -7.223871166369959e-05 -0.004909243117705255 -0.0008298801035111539 -0.003461042979405157 -0.01032416977282418 -0.001296478283206667 -0.00482055110157894 -0.0003836075684097587 -0.002638075396305892 -0.004031844473326844 -0.01170167952628788 -0.01873658276248982 -0.001195023563772157 -0.009344706529442481 -0.02978683744243037 -0.006544233344550772 -0.01039605322039558 -0.01354323572998758 -0.01235306494676746 -0.01873875287030816 0.04146176270427214 -0.03433779808465836 0.03593283549336247 -0.003946853964241647
 -0.07994229478036964 -0.06424060307342061 -0.03207797894276425 -0.9187148650170707 -0.7357009182874786 0.09676798314772007 -0.04572788152326603 -0.005203279543766651 -0.02438044340117621 0.05043734599443593 0.1009401212811906 -0.04058729778804623 -0.04585722249929257 -0.03698811874639213 -0.04067478826177811 -0.03989833029009719 -0.04235216297227175 -0.05092336674823805 -0.05550821466359574 -0.0507157449140012 -0.05446849106145363 -0.05685369090052887 -0.05463683637416526 -0.0525344397651609 -0.05608726967320748 -0.04941104797043606 -0.07251239782001589 -0.05973448041827326 -0.01574298866422839 -0.06136095595595572 -0.05156203842286328 -0.03649669063483904 -0.0551153177009337 -0.03613077029963672 -0.04810057080870361 -0.04890186853375072 -0.04088441161219254 -0.03891948354578019 -0.04455515882163512 -0.04569092288024065 -0.04202137629767414 -0.05892391533955275 -0.03741375253748884 -0.03656369157201431 -0.04057608604851843 -0.03798451014698764 -0.04345596331886085 -0.03990865055867882 -0.03992488529341828 -0.02526351312292434 0.04134039739977759 -0.06462218374757456 0.213833616466682 -0.05419397018971136
 0.02388385943978655 0.001305738597944218 0.0005502786817294652 0.1085667694700416 -0.1173512131210653 -0.02751479521659706 -0.009864236248715134 0.006868375177461391 0.0128775578152817 -0.008435300916176246 0.01934036401150197 0.005321460728287796 0.005182118439123724 -0.0004927717496313187 0.002913613094594825 0.0001162084004916361 0.002388476828450877 0.003745821937371503 0.005301859448971872 0.001226745269340731 0.007663527017743492 0.00485391249578129 0.01266957030109506 0.008954091193450612 0.007702393902259129 0.008570484110666183 0.008704237927597008 0.009422257692638795 0.003314284861161547 0.000625922480870186 -0.003511462423824797 -0.005627554389833406 0.003667435398514632 -0.007842564386809133 -0.009272347039615715 -0.002684390360054789 -0.005946988455300782 -0.001782527956966943 -0.0006674369774285377 -0.00832516325058664 -0.01214802738944864 -0.01627051868761729 -0.005928760727471618 -0.01104400561155967 -0.02546220843560737 -0.00736762951593413 -0.004620933682077603 -0.009986621579169054 -0.008264235580638029 -0.01565672036321722 0.04204893888617183 -0.03607434802331308 0.0370621564989904 -0.008787760498911624
 -0.0009327751656263467 -0.00294277847009679 0.0007783661779603936 0.08803018263190621 -0.1322371487360007 0.01717298785685911 -0.008873626631682752 0.01738980501951471 0.001930695376550897 -0.01282499808682229 0.02314491317453646 -0.001150645570788915 -0.003770990595088071 0.002274827166712431 -0.0001258202404954973 0.000440182451150125 -0.001038301254377446 0.002349275847309107 2.08538671200616e-05 0.008012827366910216 0.00233748363011876 0.01282577216330229 0.006464599516406344 0.006226184307877325 -0.0006402470772292483 0.005520776597058327 0.005486599256204547 0.00963485430430917 0.003311139583968651 0.001884600157748333 -0.001362157534012155 -0.0008547491411665745 0.002044308008110905 -0.00170565411831025 -0.006113330815028236 -0.006160456985325673 -0.00550775326982655 0.0009297263607535956 -0.001665834919262777 -0.005009638003302059 -0.005505996282466228 -0.01559840063372692 -1.967039014251346e-05 -0.009518842883119426 -0.02058603630961687 -0.01008449506474902 -0.01398231583198987 -0.01160434542275893 -0.01704978756295195 -0.01364058608850746 0.02335568371159531 -0.03798175391262065 0.02440207652281671 -0.002258365951105294
 0.003388426321560759 0.001690360668433101 -0.0007532696806232688 0.0949031946656297 -0.122660180383902 -0.001344943442937112 -0.009024203440623477 0.009296295608114893 0.008945073783723497 -0.01859845457166025 0.02103614239600017 -0.0001487198438376503 -0.001864246071697247 0.00250116769121794 -0.004191935801809541 0.004266216429559259 -0.004031486199894812 0.003475193893400023 0.00490930930269418 0.007430398899304132 0.006758742607231931 0.005276274969582328 0.01183761588378555 0.009774105758071588 0.003764877322736437 0.01001227843193659 0.00310476246712067 0.009286434761752236 0.0003238743370820051 0.0002301873917271466 0.0005907470677347657 -0.004169208204834952 -0.001586120294322563 -0.001726242520953172 -0.009288291368346037 -0.006554157602209203 -0.006456915604372015 0.002103109388201897 -0.0003618224919291499 -0.002530958506058053 -0.006103872783825882 -0.01378910930368536 -0.002749483732393688 -0.005149122649492231 -0.01755589974801846 -0.003588011787352228 -0.005664693765662857 -0.01201450638952724 -0.01271015006773093 -0.01483801744401782 0.02592214622049052 -0.03820157471475841 0.02976609720466769 -0.0007244107597629793
