# Created by Octave 3.2.4, Fri Apr 15 00:03:56 2011 CDT <josh@hell>
# name: t
# type: scalar
3
# name: v
# type: matrix
# rows: 4
# columns: 11
 0.01991819925625951 -0.07405896735875275 -0.1367481850991646 -0.06769629151057022 -0.06128637375024788 -0.11979059310233 -0.1340861033431665 -0.09081003315086478 -0.1170164635267007 -0.1107332123276602 -0.1342977862375337
 -0.2949013425712338 -0.1277771402156835 -0.1732004109200248 -0.1286631301542787 -0.1232577816370868 -0.1646371125401562 -0.1796661264282917 -0.1522428914153388 -0.1642380081947233 -0.1639360005300833 -0.1783225347214551
 0.005005160464595289 -0.01504701799347178 -0.06603267918705626 -0.006986524321532162 0.007931811607848381 -0.05393673418941589 -0.06450942978041677 -0.04012214529320891 -0.05960380170815422 -0.05678102350430603 -0.06162583056644655
 0.2746742528649916 0.213363163786337 0.3687445126194716 0.1870230398733251 0.1697190170923593 0.3530039462546304 0.3803144632811108 0.2814160304546615 0.3308001515365568 0.3322289059468003 0.3827946131910671
# name: w
# type: matrix
# rows: 10
# columns: 150
 -0.003959261133676612 -0.0005587784368110583 -0.00294711682645563 -0.1597757448362289 -0.1248585294696356 0.01151411684195101 0.001415630919888036 0.004905949424707242 0.001431822694275866 -0.001983357887876007 -0.001189684705129067 0.00581135394498462 0.0002843333927427656 -0.0005375505987610487 0.004830145995489943 0.004084703256850964 -0.002575139632330687 0.0009811387762430574 -0.001716723489760397 0.001607703223403261 -0.002926062750015784 -0.001043206017505776 0.0007201908885509653 0.00501620094469152 -0.001143562178949087 0.0005636344555360091 -0.00049044128817767 -0.001497575720227966 -0.005118269761114482 0.002667357770025514 -0.00506096609311727 0.000856938291259011 -0.0029274200779716 -0.003220660470360446 0.001255386185016328 -0.006593423988740062 -0.003912387984746125 -0.003114194099439956 -0.0006907981290722507 0.003862651463461725 0.004193169407503711 1.60399730725836e-05 -0.002671809534677052 0.001929405681615221 -0.004451493636904542 -0.001519744169772662 -0.0006115863814779282 -0.004500244116394247 -0.00182877301467057 -0.003846474343936438 -0.007615653403253932 0.001370104577880804 -0.004644707236160003 -0.003708751636641561 0.006115869968188526 0.005108431466092632 0.005424509104563267 0.001847355395660046 0.002059812660845707 -0.001368537076552236 0.0006661627419666458 0.002900727319759321 -0.0007153820070914008 0.005014222895170363 -0.0006434590934248611 0.005492855424702259 0.0011950978307411 -0.0002718745911758359 -0.003362948013549054 0.002680994352466049 -0.0002090725446327388 0.002337630096629734 0.002090480632997806 -0.001955917357146487 -0.003980793450350837 -0.002486423674329771 -0.0009576303975888544 0.005295910953375382 -0.0007000718716117859 -0.004618717358350118 -0.002351334243608814 -0.001584804259159123 0.004066764693900756 -0.004097697896102004 -0.003248069777777798 -0.003779333957935085 -0.004191492388721262 -2.39868312618127e-05 -0.004443995426269253 0.002295010982464431 0.004240396167930018 0.0005977950902301582 -0.003206875097273663 0.0003596933855594343 -0.004683496385630373 -0.004825041060125323 -0.001978225990948072 0.001785121368184201 -0.006473014546240032 0.003207971842997665 0.004220625741064305 -0.001904029450300913 0.005619141101608115 -0.01260807936433353 0.002091649627398389 -0.002101318686563095 -0.004194157122673544 0.0004433293352280152 -0.001528403317389227 -0.00345211918270069 -0.002460718614488579 0.002890323891138098 -0.007713519426308104 -0.00831631885282812 -0.004370609138412382 -0.00331054805693697 -0.004203940056716664 -0.0003111402418926159 0.002572903227917047 -0.0001531138787425659 -0.004531119236290729 -0.004843400668623042 -0.003321474915648548 0.002472177174779477 0.003664046642047386 -0.0001975547343622134 -0.00147931566746258 -0.003906975658981791 0.004417774095743786 0.002399624468340922 -0.001351146553359588 -0.0009944549472627765 0.002940092680194501 -0.00303285660411969 0.004602939029247994 -0.004966033800017677 -0.003290206016609954 -0.004818022382922622 -0.004471769777484784 -0.004149461450270495 0.004331019624157884 0.004177814183607289 -0.00148441707228474 -0.004264652272806469 -0.001358770224053225 -0.005031782827144576 -2.94196697675565e-05 -0.02663782447086411 -0.01230084156146131 -0.008333944616671727
 -0.008677383674654588 -0.0007162162535564724 -0.003859665604356796 -0.2913245984812059 -0.1585895954304389 0.01198213439096061 0.00286443325598564 0.005052109816735553 0.006974044365414107 0.006534092450300346 0.003536875229470044 0.0001135286800828589 0.009259739496420449 0.00165204521314757 0.00471163094770165 0.003445084135307064 0.005058806097345369 -0.000586650585150631 -0.0008376556671935901 0.003763543828891861 -0.003052943176106281 0.005541283309651955 -0.002448273947063208 0.0001864437971861711 0.003298812883275802 0.005639633359210626 -0.001029381714910185 0.0008196147555188201 0.002188894470544334 0.004138655491133024 -0.002761626157201018 0.001229327311647931 -0.004261658288563838 0.004081870396674831 0.003972830440243589 -6.233537513405008e-05 0.0005920465049988467 0.002730659597617485 0.00177465970528894 0.001643273018457869 -0.003818671397162716 -0.00481132670871621 -0.0004555222711808452 -0.0007473035872308636 -0.004226048392511396 -0.004379393499783965 0.002987607759463938 0.002117326797046499 0.001920008486999627 -0.008382936011455903 -0.007439786923685249 -0.006629557760527044 -0.008397687219921688 -0.006028306751106756 0.0007417134892701651 0.003245924662377392 0.0009080751609472242 0.003622068339560469 0.000851918884358305 0.003946547088267764 0.001106879277579087 -0.001148570929955539 0.002525868545616675 -0.0002473123757596219 0.002281647785318121 0.002477858166205862 0.001834430496137198 -0.002768190703356285 0.001333593513709397 0.005655432127087423 0.003088781411771796 0.0001316878743756137 0.003674324877695661 -0.000685614860502218 0.004404186125120555 -0.003486972303593522 0.004667689707413654 0.000900635187844876 0.002635091511563813 0.003484344270353459 0.0009014953605853607 -0.0003612907451542307 -0.002239941115862883 -0.00387669348308607 -0.00238428834160323 0.001027366318920347 0.002128451563830495 -0.004260132374946918 0.004063495369948159 -0.002926495717013748 -0.003310079533088247 -0.001917542311515938 -0.003416739662335576 -0.005006751562691987 -0.004718225759179758 0.001579858501995568 -0.0006300625691573876 0.001108992897086523 -0.0004824337729172918 0.001462867338631023 0.000553195760649529 -0.004198773837663376 -0.008018047051971247 -0.02232374947926594 -0.003337828940153856 -0.005809882653901654 -0.001096761981667278 -0.002356318809104247 0.0004988702527109333 0.0006702587451543163 -0.008648611082951176 -0.007595505042112234 -0.0120357558090927 -0.00561799128632901 -0.002986455010247873 0.001550819127515025 -0.0009411280667808798 0.002531193426518482 0.002988279000951107 0.0008869317974697691 -0.006872482865303021 0.001417571569990989 -0.0009900203763364135 -0.001355758625127686 -0.003109047946104613 -0.001433271992837929 -0.0001092878162698948 -0.001740984093087498 -0.002862998770819797 0.00304267410301057 -0.001018941341608939 0.0003439726703097727 0.0009017066980017227 -0.003597936980979918 0.0004895160488771106 0.001123358072304071 -0.002094544052992632 0.003917139863979907 -0.003534151119741561 -2.435433701493144e-05 -0.003933160851848353 -0.0005385623552257663 0.001590726957949586 0.001187771231876539 -0.007122850151674384 -0.004117472931278632 0.0008317767829170693 -0.05879238301073474 -0.01767686161534676 -0.009347343517354072
