# Created by Octave 3.2.4, Fri Apr 15 02:25:59 2011 CDT <josh@hell>
# name: t
# type: scalar
3
# name: v
# type: matrix
# rows: 4
# columns: 11
 1.312353136224793 0.4532261225900228 -0.5011419963652323 0.4302467640182991 0.4018275940314644 -0.4043225834294005 -0.4376481552054809 0.3485997189427028 0.004379317541342728 -0.1315372465401851 -0.4915560042845368
 0.7629844974020826 -0.3704547402136045 -0.3953794106960151 -0.3252451407298912 -0.2592028077960947 -0.4422017071294596 -0.408611002745894 -0.4744697533427407 -0.6427466407450768 -0.4729234902606587 -0.5527548964034621
 -0.6381002246063378 0.5113121942089304 0.4842840466762431 0.5002042098956163 0.4699997850394613 0.2481281391053807 0.5022059401829483 0.3272274725692272 0.1014612867521319 -0.05706511344231693 0.7378740749212845
 -1.432541139005924 -0.5976035383669193 0.4050005977982304 -0.6215287392970792 -0.6195178979619587 0.6130356578762085 0.3461060214976607 -0.2031164775739392 0.5268479145585813 0.6623045198279094 0.3149852874323444
# name: w
# type: matrix
# rows: 10
# columns: 150
 0.297308360156634 -0.0005950779196184301 -0.00497164514334943 0.2424540715265363 -0.2975250647876718 0.00991404486569113 0.05699047452850457 0.03338234835081592 -0.009890613490309239 -0.0173425855829606 -0.02083137496079143 -0.0092860064336973 -0.01577946674445634 -0.01505688389194109 -0.009900577258315174 -0.01219397620818342 -0.01687957423764332 -0.01162076516172275 -0.01657636828106632 -0.02470349342437216 -0.01689175680397603 -0.01525039132536148 -0.01618427056790096 -0.01219621202880228 -0.01439153878354683 -0.01774792465765687 -0.01745955988502869 -0.009222923195067612 -0.01939520470472581 -0.0003837532930613671 -0.006600547238256634 -0.002275361482503479 -0.008792178331081412 -0.008222532987745116 -0.01063447126948568 -0.01245839743894289 -0.0154907048406478 -0.01587465253674045 -0.01385302176719541 -0.01343413099944083 -0.005151310644032324 -0.01667779386656639 -0.01577946584349326 -0.01536421882255008 -0.0254642516851107 -0.01711237215794956 -0.01803952026751747 -0.01844182825325451 -0.004157292735728273 -0.02251272589969195 -0.001704964657740981 -0.007740860164187538 -0.007794105830477293 0.07169641549004391 0.03360263341832016 0.03090645619188815 0.005933791976052235 -0.001102243720369613 0.003894875448929669 -0.007204095975672549 -0.003062920531043906 -0.00447147069045425 -0.007979991185030634 -0.0005586381724037472 -0.008362966699766121 -0.007658645477306742 -0.01161673632334985 -0.01368422448451819 -0.01893268512774221 -0.009755527107860302 -0.02190853713010572 -0.0150412504761051 -0.01548921176570967 -0.01576447547309252 -0.01593985080523021 -0.01364053350513187 -0.004578075119719358 0.005757554638993228 -0.001222461452358329 -0.008163144027806537 -0.01319790683495391 -0.009483487343158018 -0.004973479453025426 -0.01324603736698249 -0.01413707289656058 -0.02071996093331289 -0.01028701890702756 -0.0106618893226582 -0.01536536475659369 -2.485062466517605e-05 -0.008542822974845633 -1.673549344925223e-05 -0.00960718890819582 -0.003846529084343822 -0.005422883765828208 -0.00541872641750767 -0.004203642970339721 -0.001543375640383793 0.01318349780159563 -0.01299507580763799 -0.01327062565132163 0.0770051830447068 -0.1095985847890209 -0.03965291692442115 -0.06316811997577056 0.001212449717480586 0.000989935271005919 0.01214735969442312 -0.001729687585990113 0.00500067530804588 0.003810744191195115 0.01035971182542243 -0.002558470654790118 0.006207477032829528 0.01428366487444157 0.01005368647616041 0.02434764797454548 0.01206372431951987 0.01752509678860534 0.01667507206474311 0.001082276370328249 0.01117073163745444 -0.003502429416464279 0.004026932237423532 0.005087368888863806 -0.0009170227935529155 -0.00421022678599229 -0.003454458492840804 0.001386066378234509 -0.007234306004940205 -0.006979776775943745 -0.005038823803787777 -0.002284158981864698 -0.01326955444212259 -0.008022208406922143 -0.00826520538343966 -0.006756545432406428 -0.004905187250430426 -0.01156024443335552 -0.004656534575717338 0.004230227052419968 -0.001757907291577049 -0.00171472170907407 -0.005921135826574531 0.007838731295620793 -0.01476465839829484 -0.03207076881130242 -0.02119490784390144 -0.01920988744045432 0.02034036879442588
 -0.1610149820896132 -0.1422472638073073 -0.1746043762019724 -1.376779332442655 -1.574734233208124 0.1380495322091888 -0.00621935358434893 0.02720786513553455 0.03179317372857658 0.01323176909668839 -0.01292203361959384 -0.0036751381213399 -0.004431508838264989 0.01190746024370434 0.01065910988824019 0.01773994060130103 0.02794239508443235 0.02521980811840126 0.03251241358759917 0.02059323307968997 0.02206285243899979 0.04663101746358859 0.02927274110114044 0.0314838901144925 0.03937786297869286 0.01598145165467763 -0.0005692327146407503 0.02462761358538784 -0.01010944313477368 0.01167619234955657 -0.0399282119456562 0.02426976569088334 -0.0402626398718546 -0.04394035025797691 -0.0482891431797061 -0.04008347697905969 -0.02414369155618599 -0.0279264197408732 -0.02982222984941745 -0.03528362835796314 -0.02700030778025873 -0.03965620526257798 -0.01694965292509719 -0.03074535965863119 -0.00641010831051693 -0.00824880131202849 -0.01551393346644802 0.001439102583387175 -0.006452354432120261 -0.004845630916474539 -0.01924615231896293 -0.006032096075594388 0.006480762898637751 -0.05608812622622352 -0.09048590281828074 -0.03703833881159613 -0.01595806239438473 0.001201856226082424 -0.002843553995769305 -0.02320727189928984 0.007758281897700768 -0.006810232857054912 0.007356479316027524 0.007296203867881495 0.007717064826979152 0.01629454691198927 0.005174874288392379 0.03181093083421924 0.02547944838965081 0.04028610404989382 0.0385839107489506 0.0415449841384081 0.04066829784967595 0.04673425835817114 0.0007289456385063885 0.0189209963917514 0.0356113606443259 0.02761502741931514 -0.06665824461416199 -0.003066609491349706 -0.0619360583741824 -0.05071988452594586 -0.03653833687410373 -0.05011147786122648 -0.03996434497852665 -0.03717023479700056 -0.02229624941925915 -0.04041296167038873 -0.0255942631902932 -0.05234703758927157 -0.02042540884353522 -0.008007436346348937 -0.01965151946958457 -0.01192363495610779 -0.02643969048194264 0.0007562302205727692 0.0004292155119829338 0.0517949625437749 0.0180117718249594 0.06334770050312911 0.04234015054677156 0.01266745664637253 -0.2844119717763852 0.5837707505565607 0.0546739632300648 0.0148140475895451 0.01393920915542574 -0.02414517861030783 0.0047995271728585 -0.002589780679649547 -0.006417798000381101 0.005778821501560547 -0.01446096899219219 -0.01690962801108131 -0.022578570893277 -0.02853102259512051 -0.02493873104853237 -0.03141482237449533 -0.02970311798542253 -0.02097544666421821 -0.05490541050965503 -0.06268354055782112 -0.04981954254196033 -0.06775305825078469 -0.07483242353347561 -0.08172029437639267 -0.0831929739960596 -0.008926993732032125 -0.07260404253773652 -0.07658078901827584 -0.05853340359014758 -0.05491043346675255 -0.04430257464205881 -0.05306626154853034 -0.03609864908912159 -0.03297393892171222 -0.03521542830889905 -0.06366390803728603 -0.01691720269257371 -0.001938470195557855 -0.01466596456176507 -0.01139011635373545 0.0001656481219090743 -0.004777925157175001 -0.03710322114964397 0.01439422598163369 0.5992766053003571 0.05403531851837809 0.01943421022385008 0.09592565593278482
