# Created by Octave 3.2.4, Fri Apr 15 00:57:48 2011 CDT <josh@hell>
# name: t
# type: scalar
3
# name: v
# type: matrix
# rows: 4
# columns: 11
 0.6249097431339126 0.2033063296334955 -0.3256382559396665 0.1914021770674824 0.2299188872837646 -0.300749964224231 -0.3408296082121635 0.08406649562684559 -0.1281873486742003 -0.1236106130754599 -0.396451533075707
 0.6457489793603842 -0.1752256313576758 -0.3414619677377507 -0.1240728524276874 -0.1239577394769099 -0.3241397407936768 -0.3568879336914058 -0.2227306014618723 -0.2746063570099174 -0.2392453455227826 -0.4747441042078902
 -0.2775537498198332 0.2560159618584255 0.4659469132694419 0.2297869615153172 0.2345659257031266 0.3769891284083592 0.4743006652287675 0.1138521706520019 0.2068120652950259 0.08367168919708987 0.6216065491683391
 -0.9884087026598495 -0.2876166219158167 0.1939165478212011 -0.313439192268168 -0.3474204001971078 0.2625400830322762 0.2254696804040362 0.02305289577827392 0.1859235184960702 0.2799629389859031 0.2581375497808889
# name: w
# type: matrix
# rows: 10
# columns: 150
 0.03059354944260807 -0.003135419875632966 -0.003821805718955257 0.121579547922581 -0.1891675494995004 0.02922394611287502 0.003877798264597124 0.003265954039622924 -0.006088493230236375 -0.006301275558130526 -0.01120360324546076 0.001711725738630257 -0.004740012985203967 -0.006567980798008938 0.0006157744094084113 0.001325145213899579 -0.007078376763996533 -0.004213112458377434 -0.005297575452053747 0.0008596518432716308 -0.007326930774596689 -0.004974914287117179 -0.001493781755509615 0.00215125680977494 -0.002903267631899808 -0.004100241788740338 -0.00256126113679562 -0.004119375965853413 -0.006001617481150495 0.003852967706640688 -0.005236275187793787 0.0005905481220775078 -0.00384736818928835 -0.004252726560196347 -0.000998275311745545 -0.006616436046533615 -0.00495577217574858 -0.003957715767554234 -0.001771017519765039 0.0006416162358375408 0.003262653586192146 -0.002247906990273444 -0.006183699897636431 -0.00299977666646316 -0.00658655265002053 -0.007121822391695468 -0.001798310903675236 -0.005211248079243396 -0.002251597912551312 -0.00558394244346644 -0.007521706530710471 0.0003805965910334497 -0.005541033379454917 0.008745696687751686 0.003291668795355579 0.00257241546966561 0.005523202429622993 0.0006277353724176922 0.002547533766832062 -0.007375491542397315 -0.0001567690913796261 -0.002153275913942576 -0.00435256980038896 0.003866767612649319 -0.001418391197974003 0.003662375617458851 -0.004655544882406433 -0.0001511684917106719 -0.005057657401900199 0.0002196726368654567 -0.0007730642947093738 -0.0008958670082107484 -3.95456422698351e-05 -0.002872551517952433 -0.006717234203813037 -0.005066738478482389 -0.0006158389696710978 0.006187286114663051 -0.001252398545734791 -0.00474026724610687 -0.002876621573008596 -0.001774556197148957 0.00314793614656973 -0.005194797848500848 -0.003779487534583585 -0.00476936079984377 -0.004591933790756546 -0.0009780994437065948 -0.005055224622141746 0.002002567680084077 0.003248160400872073 0.0003924015364871183 -0.003220844882354447 -0.0001024118961607177 -0.004694856074702174 -0.004567662085161724 -0.001665732953662967 0.001259289163405294 -0.004207306034905479 -0.0001798860216267065 0.002230294994498673 0.01467557028224789 0.04436556797037305 -0.02077988815680141 0.01560303721558124 0.001060736218481147 0.0003944821838443814 0.01224189020063705 -0.001824557006984301 0.003850463090242927 -0.002359783269977241 0.005205741187949613 -0.007437061779574588 -0.002963410569841403 0.003321716312016999 -0.002591907579412933 -0.002890088890724592 0.0003799245346621984 0.0003578913476695594 0.0007723607516373633 -0.001588356397845307 0.000323496833823682 -0.003425505210142333 0.002454958121772605 0.004687472025061486 -0.0008889369530059294 -0.0025283697127171 -0.00384557886989798 0.002873308241270894 0.0001703666307284468 -0.001661995086968566 -0.001499292634352916 0.002455175984672079 -0.004466157675812097 0.004489633648682116 -0.005426965020858607 -0.003860878848879306 -0.00472959001855677 -0.006655634570045031 -0.004902214393669949 0.004202223673310863 0.003583112103860244 -0.001646770856888037 -0.005264237203639075 0.006954857811236623 -0.01475025479412758 -0.02395561619967557 -0.02330119172944949 -0.01584045693924585 -0.004611963913469249
 -0.1484869134289608 -0.07676442126085055 -0.0714703290585379 -0.9862684955728603 -0.8690243888319277 0.08331485733330803 -0.02888629620863811 0.007293629543600993 0.01441523479829176 0.0153012736413221 0.003089061594996208 -0.00468898714548278 0.02361820926189356 0.0110655517461207 0.01227531941287952 0.01218238385547112 0.01957012834802351 0.01200844975983743 0.01239651770116381 0.01061599260704403 0.01291847137361908 0.02244310936797003 0.009357880309462635 0.01670745423167918 0.02149536037253623 0.01286387144459761 0.001979778672796808 -0.002292120755456999 -0.001164780147445187 -0.006467503590856565 -0.01165164564140429 -0.01149796551090563 -0.02036012238739028 -0.01968237768941978 -0.01832361055969731 -0.01552121882207587 -0.01683953184628623 -0.01472893958966008 -0.01540447315737127 -0.01168140607103742 -0.01413763444397042 -0.01912717194378442 -0.01571307362731847 -0.00963600914443432 -0.01335306181641094 -0.008306550035556141 -0.002555867515286244 -0.01043257118361123 -0.004223323613613753 -0.001125700392890429 -0.007656951432728413 -0.01010900649857381 -0.008095911446420611 -0.05427627094883673 -0.04417396070958175 0.001917326771323592 -0.001477401427144389 0.009883728014350786 0.0002153671865580053 -0.002692370911494468 0.00651502453870857 0.006796599494845283 0.009483637286273237 0.00307976711764077 0.0139434188801556 0.01244358147589519 0.01204506541585234 0.0135924762249513 0.01196539890444181 0.02951859372131126 0.0191985748159864 0.01632328250387095 0.01932017293353509 0.02274369645901656 0.01817073903984571 0.009305555501672726 0.004885940594173951 0.02052545287817339 -0.02096858176694389 -0.01506292111097811 -0.02492469434685403 -0.02598549416003485 -0.02502998788130975 -0.0212905987633236 -0.02169752054637427 -0.01943068981026164 -0.0156379684030802 -0.01986653624905217 -0.01464095142698308 -0.01974199648798941 -0.01473028254887602 -0.003849783913062828 -0.008997356068323368 -0.01170486167360122 -0.01270511536076022 0.002370087873560182 0.01078287027378801 0.03257309397326098 0.01426883502115048 0.04661192671947266 0.02807077769702321 -0.01528953466886815 0.02065063466241114 0.1226968954838911 0.02519366485713989 -0.00469495364615081 0.0006299995795037957 -0.0100364908049644 0.004631715074533714 0.009466997775787318 -0.009348999158504971 -0.00752360451288895 -0.01408231355606561 -0.005843491628519293 -0.008025492371571645 -0.007100840608580561 -0.02151582327186007 -0.0116303966835482 -0.01310872991814971 -0.007375685354299392 -0.02302182131398966 -0.02724793260861653 -0.04502593041997157 -0.04038989477664094 -0.01603008559986669 -0.04709344086901014 -0.03007313465289567 -0.02646014529619229 -0.02630533394398797 -0.02026848226507517 -0.02955948505831905 -0.02586733238969556 -0.02349515634118997 -0.02176352371816827 -0.01702349113803302 -0.01433440466903074 -0.01584223298602287 -0.02159535031235485 -0.01471093018432924 -0.004425799035120391 -0.008201246428594034 -0.005697893896445294 -0.006867187678905527 -0.004523347942627749 0.003152800200585679 0.01194649357982984 0.07553860776282058 -0.003940936729576144 -0.01300112775908904 0.09673131500618726
