# Created by Octave 3.2.4, Fri Apr 15 05:17:36 2011 CDT <josh@hell>
# name: t
# type: scalar
2
# name: v
# type: matrix
# rows: 4
# columns: 21
 -0.2216564252122035 0.03229986934559194 -0.03374769468453569 -0.0009576382803644368 -0.004367463475142806 0.02796163333614671 0.0116357505095664 -0.03095982497994303 -0.01210783146433933 0.0257949804525544 -0.002150209851122402 0.02394689820483464 0.03159352699147628 0.03952845268881202 0.01047411151357404 -0.03783643215659747 0.03572922055139829 0.01214630649447172 0.01107393457871349 -0.02312593989878862 -0.008991960456466115
 0.7482282156470748 -0.08562235287744967 -0.2774555058928199 -0.1579493836679957 -0.1779006263442479 -0.06021756616890623 -0.1241722824478155 -0.2555658384284896 -0.1745931957594409 -0.0862638562076315 -0.1653899031483268 -0.08677833401560427 -0.06259155326095529 -0.04011552582446554 -0.1289765851378148 -0.2958092671316366 -0.02764141754933222 -0.1299547985599381 -0.134528773843312 -0.2350056631597743 -0.1706137542875535
 -0.4744599606428704 0.04212193344911467 0.02291749030783914 0.02132174134757544 0.01480455823030339 0.03640897284865144 0.03726141478866016 0.01827878108747785 0.01076052811482725 0.03776704802779242 0.0190276508924952 0.0383985956528898 0.04041179508489817 0.03072123731471492 0.03097345718203272 0.02569076204051263 0.03002691193690619 0.03186543878906201 0.02991405862865265 0.01481942497733794 0.02036057241272441
 -0.04511974331864385 0.008613250808829116 0.2898841088731967 0.1345470583115332 0.1619422717245283 -0.006589565955718567 0.08532676196296286 0.2716150442347559 0.1723811462453742 0.02519837121322163 0.1513351868745078 0.03058216588932686 -0.005901656598280182 -0.02731683120899563 0.07585638952964466 0.3071868615753778 -0.03417911583892842 0.08863762828795507 0.08639894157853484 0.2381678407985855 0.1560858212234797
# name: w
# type: matrix
# rows: 20
# columns: 102
 -0.005777100730937663 0.0005522855446730024 0.003938225266011479 0.04750274042804165 -0.1771651339315867 0.00922352292311452 -0.003902924225004445 0.00324924175040709 -0.004290362217235262 -0.003634526272241649 0.003896818792871924 -0.001740283654786211 -0.004389190502046615 -0.004453881079028599 -0.0008513165068524536 0.001921318839509582 -0.003389259455341548 -0.004501217612115358 0.0002354042970782541 -0.003326925184627103 -0.001540587134156275 0.0001222534878917759 -6.055512475554049e-05 0.0002689451610057424 -0.000289535315125893 0.001832635585620864 -0.002592066615714532 0.002176236240231541 0.003462282589987959 0.00455100356444261 0.002451982856850669 -0.004034058489822424 -0.005327368883395779 0.002746964485040494 0.003841128477948664 0.001799574031633115 -0.001251978465685919 0.002565763343838007 -0.001098582107624114 -0.0002925805922022577 0.0009905265297821613 -0.0001268086968455312 0.003492215133976049 0.0005498308814535794 -0.004022598438980573 -0.003684671905774174 -0.001619743308783415 -0.002054465603963727 -0.004422705388016071 -0.001550939229055276 -0.0043133726253989 -0.00086933655532284 -0.00620649486130908 -0.002602814700372601 0.03132017668364726 -0.001252096998076406 -0.003491481985915333 -0.01416011183156802 -0.0001330031871910052 0.002572006588879563 0.001158183627635158 -0.002566594343069676 0.002378393968089459 0.004059600554667925 0.004066501860854393 0.001804945894582704 -0.004889223080125112 -0.001963638604941586 0.0002643543870790364 -0.002941854034311672 -0.002832176915087341 0.001084171817827173 -0.004338904705229894 -0.004181925736118738 -0.002859346026019586 -0.0031439072133448 -0.001030426294698208 0.004445211063271375 -0.003597803823216852 0.004590089679663488 0.004102188724717005 -0.00161568993263709 0.0004540612565240009 0.0005716400736058913 -0.001028683090953372 -0.001287733736876513 -0.004555301961981742 0.0007639093623176804 0.002675525019461501 -0.005486842699862819 0.0004696898444585981 -0.001066678642493411 0.0004238229271680791 -0.007703636156937167 -0.003736929609858775 -0.008631594988044335 -0.009606603065752537 -0.01252259158112454 -0.009623454756593928 -0.004344995358105054 -0.01418864560371721 -0.01021287735907123
 -0.007636204482738869 0.0003428695195847151 0.001307750067121102 -0.2184868059743407 -0.1789500948800132 0.00764829705273924 -0.006175343551701114 0.005300972104953046 0.00308696764588595 0.005399555513772547 -0.0001542011754815483 0.004731473190867403 0.006361025211975761 0.002349499357311018 0.005995785177388393 0.003683985539497905 0.003209677395703575 0.00480345369277666 0.004824030003607748 0.002496658752419865 0.000929523325479276 -0.0007790415514999521 -0.003155679986388609 0.005591922555031247 -0.001324019763370169 -0.0002671886393747312 0.003950314073067056 0.002467023001945401 0.004834317631454792 0.00358393732041493 0.001778756077484269 0.002120137940882315 0.002225386450938928 0.001207979757613209 -0.00213255856000425 0.002324881581475358 0.0006984699234662273 -0.0004056834597860068 -0.000733235223070725 0.001829251738883641 0.002855715986540951 0.001188978714414294 -0.002327484159524121 -0.002259306179889739 -0.001718688004175521 -0.000596987445832353 -0.006495305193389568 -0.002968144119335284 0.0006413789324430102 -0.006505653366060468 -0.006516226682367662 0.001292907003193073 -0.005089796785280623 -0.004528677334531353 -0.02917668921903658 -0.01699205022605683 -0.01519606606254259 -0.01663285082316547 -0.006733044531150294 -0.01244425010124542 -0.00545627150969366 -0.004795099872736844 -0.00654893471544587 -0.006244965449594039 -0.01013333212405479 -0.00856067871972549 -0.007421065593252374 -0.003246514362253923 -0.0008485749578642933 0.002132144396832753 0.0003932509535101978 0.0009583041122285489 0.001878161078839992 -0.003442816227842998 0.0005801345410755852 0.003105516740815721 -0.001605493806780769 -0.0002441385449316302 0.001532412488830642 -0.001354950855373445 -0.0005850748034966183 0.001107741465397134 -0.005134302596028383 -0.0026733491101472 -0.003171334183535598 0.002674346738758539 0.001556327584195571 -0.00115604642490243 0.0007233802660427883 0.002395608126308187 -0.002265401824038007 -0.005012020856076084 -0.01072213469673949 -0.005853265051233672 -0.01177909074834343 -0.01170254342949801 -0.005924180736005496 -0.005354653046225231 -0.007698254377195022 0.0149954896860014 -0.01509247663070953 -0.002627587829969641
