# Created by Octave 3.2.4, Fri Apr 15 07:51:24 2011 CDT <josh@hell>
# name: t
# type: scalar
2
# name: v
# type: matrix
# rows: 4
# columns: 21
 0.8272642736023431 0.3553914875532364 -0.3506115958874416 0.1046978474437344 -0.01412860352986832 0.3678500258991805 0.3537732622223524 -0.2299927968180072 -0.1255607301674345 0.3401724222647783 0.1071910307020351 0.2940138286444941 0.3705289766595902 0.4174343551003465 0.3672207962205957 -0.3901065556168923 0.4743294563652342 0.3415434564596386 0.3394925923724888 -0.1585955304454878 0.05318309433542911
 0.7539061044122061 -0.1750179667335214 -0.5267038333940522 -0.5296582331535844 -0.502574048243814 -0.1151452179645017 -0.3249766066795713 -0.4341411209480368 -0.4643113285579317 -0.1913440472487348 -0.4989036466772318 -0.1885167597234301 -0.1071911282828809 0.03402871881190133 -0.3153428839083913 -0.5305675378374086 -0.1218107957408031 -0.3476461253217923 -0.3467625106709227 -0.5212293153508667 -0.6283674369358471
 -0.4282800433601341 0.3091126625465774 0.5636778320842372 0.2161789187545098 0.2250250448426179 0.2989053021304562 0.2242376366132741 0.4683823597225236 0.2057291434538119 0.3541927452822631 0.1880428319566715 0.3852060314149078 0.2838673707788765 -0.1121043981464405 0.2469381023275306 0.6385423170292964 -0.02024848512655894 0.2175246341785765 0.2171006048547203 0.461004115458898 0.1765250570947962
 -1.145898248181053 -0.4920734826402057 0.3152359958009349 0.2057432446660879 0.286156347066505 -0.5540466360049601 -0.242982647342681 0.1991197199573218 0.3805835624079759 -0.5005245768123704 0.2064925087860801 -0.4845537746045245 -0.5436931069384469 -0.3365413427957412 -0.3104886415522971 0.281363700752661 -0.3283345763978288 -0.2087273903048732 -0.2169725256136981 0.2136763930548152 0.3954999643978057
# name: w
# type: matrix
# rows: 20
# columns: 102
 0.1554710356087838 0.002216540594441033 0.008254291238836729 0.311437506699863 -0.2826300770893791 -0.04777544471441567 0.0374614956095194 0.009905165227438549 -0.01998547157045817 -0.01108467737715734 -0.0123134776677064 -0.0157398502433047 -0.02398878176094369 -0.02923014648797517 -0.00976657551214386 -0.01686437877201939 -0.01839431782564882 -0.02258674759003887 -0.01435526298306064 -0.01949787919577078 -0.02017967516871112 -0.01881554853818898 -0.01626398410912418 -0.0140142826353077 -0.01635252831542862 -0.006978621629163339 -0.01657614048882828 -0.01022732033623209 -0.008316757619423989 0.001077187594017359 0.0002228319633638626 -0.004356858079105028 -0.008556787299558806 -0.00760192186334268 -0.004790748131128954 -0.01323976954331407 -0.01339509764400791 -0.01034254624552246 -0.01464965147232393 -0.01251837901220498 -0.01344711780338744 -0.008574309919852252 -0.01020503914936541 -0.01182911408171683 -0.01891394055450578 -0.00992776169073257 -0.009190186819893862 -0.01262804249190215 -0.01064087070367577 -0.01196466559916844 -0.005952724276465824 -0.01490158011642114 0.01991062002897839 0.0805114303841139 -0.3720689865326464 0.1013921977494035 -0.00913129277187638 0.00258495102929672 0.009550984821789416 -0.009106349294286961 0.007360034792584027 0.005089375293781614 0.006641672190090202 0.008892043131767348 0.01869441633276753 0.007755878865979376 -0.001602632233464544 0.01350498284396107 0.02510352873699351 0.01376907208854347 0.01003958163880548 0.01003574318485772 0.01662883371902077 0.008941750921852124 0.01039902041724909 0.01451777589590821 0.007038684640229977 0.01436416760119476 -0.008585179952816407 -0.03182533707819775 0.0007247980399135653 -0.009215984418982187 -0.00880661027860472 -0.02513514861918041 -0.01023001422208263 -0.007027930237981516 -0.02395088503673979 -0.01332778686894689 -0.007457259072297421 -0.006987381580548948 -0.00732280994994555 -0.004366683278135679 -0.008664802919340788 -0.01014032342104274 -0.006274077869280893 -0.008303537566961061 0.01349475846317644 0.0345458639122358 -0.05144695832950468 -0.005016031505121609 0.1237949138768001 -0.0098209585132905
 -0.1292218458692908 -0.1739456340437001 -0.179621991126987 -1.3241266295524 -1.70267877023226 0.3093204352050575 -0.06242095553553205 -0.02519460711558594 -0.001849081793139168 0.005522371322324053 0.001594003530276445 0.01457627740819972 -0.0005839581299954712 0.006039226956415974 0.02370683177455777 0.02773827831568109 0.0203479691086513 0.02574814727431776 0.02923311027880768 0.03023788242227589 0.04567293771915388 0.032481490969978 0.0333170943626249 0.04516341643598204 0.03364693368903707 0.04095104050547493 0.04484667480189589 0.04204121173193665 0.01943484401632737 0.04166208500616508 -0.02641630956952335 -0.006683622475540296 -0.0237687926477604 -0.03716187187957312 -0.03638931882576885 -0.04064356602113356 -0.03932108782854911 -0.03416101943662477 -0.0306855603632743 -0.02575954135309132 -0.02808891687683626 -0.02913595409229725 -0.03289044132983802 -0.01837928592164729 -0.02190709201076575 -0.02007758041358161 -0.01886141212488356 -0.01976732061878928 -0.02084409008400449 -0.007380139918624782 -0.01107563512712118 -0.01270700168895702 -0.006831917047482962 -0.01000939910153631 0.2205950966617543 0.02736018961655532 0.2655113193825868 -0.03438761063344629 0.02340288443901562 -0.0299936311407056 -0.009106045947489856 -0.01532408446780961 -0.02031358991524912 -0.01945733387266093 -0.02011093777680441 -0.02828639866877067 -0.05653976021277828 -0.04321070771010967 -0.04182017188534472 -0.03942037824027347 -0.04690123933484878 -0.05450207919918784 -0.06447500477541691 -0.05593093417340057 -0.06384246478300495 -0.07611322653645441 -0.028318667230474 -0.0957682485735345 -0.06945537398212211 -0.1259697159169151 -0.03917613422964119 -0.07570624110297215 -0.06456947933199102 -0.05827823784276945 -0.04753998082522547 -0.04504067501703212 -0.03959907485233817 -0.05007868726417931 -0.03649792348120431 -0.02679866454923795 -0.03115201258635236 -0.02625645523552171 -0.03171138377346275 -0.02027944261068402 -0.02351175100454168 -0.01715873079674895 0.1060469236132256 0.04750981638168034 0.04155761482075623 -0.03439711419422158 0.2836665921960798 -0.0702042365746922
