# Created by Octave 3.2.4, Fri Apr 15 06:37:27 2011 CDT <josh@hell>
# name: t
# type: scalar
2
# name: v
# type: matrix
# rows: 4
# columns: 21
 0.44560195254972 0.2514872582163621 -0.3941538708687525 0.01818604487765554 -0.05111630470625275 0.2490555377249507 0.1742186750080573 -0.2406355774965096 -0.08200566874523518 0.2452199544281503 -0.01634481198971922 0.2414119498521678 0.2468190772388118 0.4460826628650044 0.1858323208587516 -0.2822973290643185 0.5041162219517749 0.1647886152799441 0.1613708210472009 -0.2319407448546086 -0.05475103237570147
 0.8490488799779096 -0.1320697099204285 -0.5514618006744297 -0.3836638483912984 -0.4137094033570905 -0.0745849589967561 -0.235924403761701 -0.4897348040162645 -0.4011385280006841 -0.1400476887909124 -0.3898726556091355 -0.1456589793675155 -0.06893000242361989 -0.1394732136344147 -0.2287699908331236 -0.5866675439350174 -0.1942890064166028 -0.2522190013736044 -0.253031021629603 -0.464924675811455 -0.3956312938134557
 -0.3275837274251149 0.2234167268194546 0.6366336193357988 0.2039945558590475 0.2161998010599144 0.1992445427704576 0.1698013421537021 0.4357939700981328 0.2262542886088195 0.2237191190949172 0.2114019687974426 0.2249317337719051 0.1995753974961821 0.04408110537220523 0.1884368882151566 0.5739881408572933 0.0252748725975127 0.1545158700045828 0.1589068675717905 0.3520354203579825 0.2182360528962956
 -0.9600750186291557 -0.3454215743893015 0.3105804508110623 0.1584450253653439 0.2431046471388699 -0.3761516474384788 -0.09804396858668434 0.2979445733284418 0.2533305552735208 -0.3263948412462179 0.1976382235689667 -0.3145353785251104 -0.3739523600942348 -0.3478732216327285 -0.1571718451533479 0.2942086564696987 -0.3311664890326408 -0.06439090889937198 -0.07438850604679957 0.3396856630254402 0.2289869521850457
# name: w
# type: matrix
# rows: 20
# columns: 102
 0.06235147009825242 0.0008707689329350006 0.003109851813346371 0.1974137609312225 -0.1668234619635115 -0.003584155385279546 0.01058440956665995 -0.001721600959884799 -0.01462588747620153 -0.005371740751276522 -0.00220754227340044 -0.008667309747522766 -0.01200435526427763 -0.01033073316724994 -0.005240442551956379 -0.004008424981067829 -0.006634747648809398 -0.01455605202428734 -0.00683191412816843 -0.01538870501890846 -0.00598110917329511 -0.01331502181745046 -0.006550017220685612 -0.007733623033740658 -0.005994697545996889 -0.002412521912075521 -0.01044357697241652 -0.002426226153904611 0.001748865922802834 0.002412803047169097 -6.07341684229745e-05 -0.004652435072600232 -0.007013251569756001 0.0001202932622370203 0.0002514212456074265 0.001942706695076211 -0.007487796376047117 -0.002289528283456239 -0.005925317252517098 -0.001914342377578914 -0.005470855340293423 -0.001388112343714019 -0.0005144294458504311 -0.003063407209257578 -0.01116773847992966 -0.006978618157379131 -0.005891536089926424 -0.008312613700997161 -0.008702258775985638 -0.0007978357375992684 -0.0005996601104862637 -0.003665854339257145 0.0006267507755595673 0.03514689779554974 -0.1051232330593084 -0.07123495624600741 0.006971391988841997 0.00289488403329265 0.008729136183825101 -0.01042313243466482 0.005275227496414529 -0.001649174568342312 0.006721271821645814 0.008215771096918527 0.01370463887342125 0.004723274625072433 -0.005143770573943169 0.008775776789459238 0.009444862487109532 0.0123464256935238 0.003216444869632861 0.007676298976457871 0.005931922250346226 0.006491809265686429 0.005125163073149237 0.007809415103610088 0.004072125000871525 0.008901958674428409 -0.007689585848852774 0.004542476327671064 0.001524612086375342 -0.00690215860753889 -0.004973246845052583 -0.005645422516717631 -0.007640192082581845 -0.007676021205017135 -0.01010010391055722 -0.008906324026134969 -0.001277968861296951 -0.004857691282192653 -0.006079284617383757 -0.001939108073248522 6.759434788886057e-05 -0.009793894458654051 -0.005908295831040491 -0.008555116735020445 0.01173601302665721 -0.01006362787228034 -0.03880974270226162 -0.004776308218074505 0.07403778137199359 0.01437333731332634
 -0.06686822790866784 -0.07559436448839373 -0.06414032207953681 -0.9564595771285177 -0.7278412883513707 0.06825942864442271 -0.03952940818662651 -0.004136858050335344 0.001373660952859046 0.002107964313790686 0.006920728941744804 0.009236200265050397 0.004745802613089664 0.007322057248267324 0.01290495984963618 0.01490706951363661 0.00784581496426656 0.0131588191229976 0.0130877719831604 0.01546410636347759 0.01583266137143218 0.01762296152575932 0.01219963082397913 0.0166181321888379 0.01352193932804082 0.01198503562486822 0.01502628549286788 0.01374233004805353 0.01150729033195833 0.01750522139749831 -0.005438234628132739 -0.0006970905016709732 -0.01070491838901032 -0.01487691124294378 -0.01562514559264247 -0.01298585915338728 -0.01341981256587217 -0.01648685197115156 -0.01556255996184628 -0.01039087046800807 -0.01037553249896721 -0.01269851460528642 -0.009744199950014194 -0.01317029692511167 -0.008826195365026549 -0.01253214601045143 -0.0105269943612093 -0.009288192536409678 -0.009482198124254519 -0.0145188851717139 -0.009318325966535094 -0.01768123604892178 0.005172608534074088 0.005331124491345865 -0.2053603987722244 0.1168051506740835 -0.02065900853235166 -0.03372353434827606 0.006328223913610675 -0.01673796518500856 -0.009512429968406216 -0.01687862158560073 -0.0142655198454601 -0.01442588613130009 -0.01759848294036595 -0.01221677630038784 -0.03246212732411624 -0.01909447379222765 -0.01473574999667304 -0.02002844267156438 -0.01948655012631251 -0.01678676301340132 -0.0277197284985179 -0.02448410270420662 -0.02221358830153244 -0.02879235735888697 -0.01164297032778698 -0.03640980269161909 -0.01767954973640085 0.00320333814927972 -0.02128624394349666 -0.0216534040048748 -0.02600390668156192 -0.01537619398089954 -0.02181527082042201 -0.01210211195678411 -0.02437525649467842 -0.01888475833200403 -0.01209027477155325 -0.01829589783456332 -0.01708953017366625 -0.0152540654993137 -0.02534115427688693 -0.01448178812927658 -0.01375413360081169 -0.0167165526257589 -0.00805825160955621 -0.002757670531747486 -0.00479394692987116 -0.05018909863583111 0.2835144527206946 -0.05772077537348662
