# Created by Octave 3.2.4, Fri Apr 15 13:44:09 2011 CDT <josh@hell>
# name: t
# type: scalar
2
# name: v
# type: matrix
# rows: 4
# columns: 41
 0.2937813314139667 0.03772322404547896 0.05757480794408546 0.01364121627023523 -0.02012941045964553 -0.01346976480911256 0.01290446177732085 0.01979467518301888 0.02234170709233825 0.002802371420485116 0.1086105858651539 0.03977384107715642 -0.004804124757598376 0.06286675635791754 0.04457994119166007 0.0185911236962897 -0.04164531332100273 0.0006818026312201278 -0.009710632231364445 -0.008022099440810639 0.00505011635444467 0.06917950529020227 0.01795288627216558 0.02849645892238464 0.01106153945117362 -0.02610708471565215 0.07805176542372691 0.06619183695756557 -0.03940108408420644 0.02117213383096166 0.002144466287407437 0.04251634505707039 -0.04567387401393122 0.0002558662259223594 -0.01099390806273285 0.03805294609309907 0.06487699129816155 0.002573700203302467 0.03287808295508302 0.001059932114500088 -0.001417144960981474
 -0.07689650922492164 -0.0345193097473676 -0.03043259255323918 -0.04654397581562628 -0.06665095044463286 -0.06236714927895012 -0.04779723467245785 -0.04690810220843997 -0.04236734871125346 -0.05646309202888793 -0.01835913828564518 -0.03651101461625698 -0.0605780113899916 -0.02605540196654484 -0.03686760021873863 -0.0512578531928518 -0.06983613142139085 -0.05709975285202938 -0.05557129192766298 -0.06072161081646169 -0.05329903853835931 -0.02780495590368853 -0.04543522967461459 -0.0397767331061494 -0.05033548956532405 -0.07416652258930109 -0.02103105974934215 -0.02340638031311343 -0.06936225718043897 -0.04760556422601592 -0.0553375229298267 -0.03504077951310106 -0.0782197079945615 -0.05109579398737674 -0.06007482683049414 -0.04274498759932877 -0.02399386700166423 -0.04731701972138251 -0.04363875450468862 -0.05763719096256955 -0.05226041877969972
 -0.1526466115172316 0.07250452930833476 0.06332537632941346 0.09119453728933405 0.1186441051611394 0.1112783042297249 0.08979157648604277 0.08759753479051827 0.08150756642110882 0.1034789975762579 0.03805513553907482 0.07281252834629397 0.1037918962690419 0.06281208288980167 0.07229684312359766 0.09145126929607991 0.1384131260121212 0.1029249955409 0.1030632406908103 0.1087376651183038 0.1005084073133996 0.05254143763799184 0.08940262910406968 0.08271015194858175 0.09422153679850202 0.1279470898538657 0.05193584107189746 0.05843066866162124 0.130299415594147 0.08652304403118538 0.1011959806350794 0.07085117664450923 0.1426312816541175 0.1004358473656484 0.1122464405866088 0.07894222244776748 0.06277584698585502 0.1013230572088378 0.08100904011437779 0.1077112590623127 0.1046495510861144
 -0.05877431970772069 -0.0794369754755859 -0.09250295501324289 -0.05977897348455647 -0.03662741219340081 -0.04364651231492499 -0.05983734967109017 -0.05771743299975158 -0.06722211602857066 -0.04841659487066064 -0.1346174413775775 -0.08120306458647539 -0.04492990827513854 -0.09105877752360331 -0.08904087450951249 -0.05714756484473069 -0.02211809453359371 -0.04449998458911873 -0.04735948470585348 -0.04307839954207738 -0.04982693996266164 -0.09862554936183521 -0.0632848243516909 -0.06713082263057801 -0.05279211567333379 -0.02878396958374501 -0.1069541228629375 -0.09295576551866286 -0.02210748299148964 -0.06201488923218799 -0.05136032030530317 -0.08453355220941985 -0.01910513319401768 -0.05209457095972411 -0.04238138155648188 -0.07331909372548828 -0.09369005457898022 -0.05095876481659445 -0.07324763612125029 -0.04518134060304436 -0.04562197970419386
# name: w
# type: matrix
# rows: 40
# columns: 102
 -0.01125913238950624 -0.0009535112725404349 0.0005957570946316916 0.03392514806228952 -0.1076605066197203 0.00873213294909848 -0.008998699732182135 -0.005764118044773685 0.000389802613067569 0.005010792112751299 -0.003030452352198296 0.004115948051535073 0.002200935737008038 0.00112284324945923 0.0004310857798933543 0.003280456053456011 -0.004888616241645621 4.966946241487999e-05 -0.000472160990650546 -0.001835077148197642 -0.002867949281123955 -0.0006688449397208136 0.004019138647272416 0.002497779313622244 0.0009096297961027081 0.003255324185653356 -0.00141790735106985 -0.0001233980424650045 0.004705168700091711 0.003753803337653047 -0.003100943792984019 0.0002516665414732316 0.001257552666043509 0.003924948864190069 0.0005666277891441233 0.0007929744509064955 -0.0003620244629843286 -0.000248812528785981 -0.004243076908241962 0.003569996825120458 -0.004152780871090165 0.002639553746941124 -0.003812339422445797 -0.001927177886153207 0.0005109103562739345 0.001843793395524058 -0.005620209484124299 -0.005302085184040872 -0.002951241443702358 -0.004896685228206751 -0.002160510481808968 -0.007730094355307968 -0.004991824411815996 -0.002673870941007446 -0.001190387392229717 0.01046353979973802 -0.004777085860771222 -0.005839428264258649 -0.0003230426173320996 0.009074861317712325 0.004089265689437359 0.002206071051837353 0.001732248575490417 -0.003590980733202873 -0.003419980995486478 0.001807975072798095 -0.002819215668703661 0.0001072913405762134 0.000840411933398937 -0.003985536715298487 0.001499537259758252 0.0007922471544852807 -0.003547749363632624 -0.002388058524289662 -0.005412755556389703 -0.003504430854847857 0.0005865714259908507 0.0006009536645363873 -9.061269586865987e-05 0.00356117467449955 0.002073041704004595 0.001026855870047793 -0.001636718234466739 0.0007482868536090722 0.003055667803963755 -0.003331013819087536 0.0007482998310707785 0.001822360928736692 0.00293726835626498 0.001130823178465226 -0.001477105014736488 0.0005315631960610515 -0.0008744707237573566 0.001077519652387772 -0.004887032842106728 -0.002825198825267973 -0.002003433683244524 -0.005206952212872936 -0.003325417098065539 0.001155397881840169 -0.008466232458757682 -0.006453998265092371
 -0.008281401142409744 -0.002795469875850153 -0.0009763642068047081 0.05021496260098624 -0.08518063992601567 0.005345603462112868 -0.005246609380287297 -0.002549840498081584 -0.004203292477643493 8.112351973631935e-06 -0.0003888195139292588 0.003947227658036275 0.002584076093659339 -0.001196834370324649 0.0007493606483391154 -0.004531716440613518 0.001113066167559161 -0.003423088730789828 -0.002507111194719721 0.003838520489127849 0.005287024294176617 0.0001815815262087591 -0.002864469067922631 0.004469389397370653 0.0004505490365599841 -0.002778603031379263 -0.002635711729274358 -0.001148693743016949 0.001916983648258544 0.005084612673275712 0.003626667867895859 -0.001629958588855161 -0.0008547297160736595 0.0007392302693815507 0.00351554080373351 -0.001240709040405393 0.001457342442693262 -0.003102394536730974 0.002609743976778671 -0.002327605316016945 -0.001993915419529451 -1.974628859528729e-05 0.0007328919219289365 -0.002147499255662044 -0.006104721251716363 -0.005052055631750684 -0.005079497641732467 -0.001213922226997093 -0.001255779907033682 -0.005642054091851892 -0.005907266913991311 -0.003290714065394657 0.0003002992569501305 -0.009248261618927953 -0.0006852515217296551 0.01854970380716021 0.0005315154603605958 -0.00686066400307907 -0.004727558397585563 0.009319750257368725 -0.0004758805287799937 -0.001583268795585555 0.002510720744169089 -0.002390949192109783 -0.000394392574613364 0.001732397235095595 -0.003185026162299751 0.004747984389054937 0.0006465045508314549 0.003929346678483418 -0.002817247684710575 -0.0008678134478653524 0.001120151116096879 0.0009152467712710036 0.002392455549236849 -0.004836723733680683 0.0003561377882364378 -0.0009025219208679896 -0.001682700513919037 0.0001494335516588084 0.002675916089481548 0.004599701852898986 0.002884412526675394 -0.002112265108684738 -0.004441964398465785 -0.003062588121473003 0.002496016173501696 0.004348335448343456 0.003584870441575774 -0.0006634048570522649 -0.002335242255558011 3.679012940216528e-05 -0.002633745346862466 -0.004893402787628997 -0.003548731439310276 -0.006947456421631619 -0.00558236668864457 -0.006501795710337352 -0.002784538781227973 -0.004106142683683905 -0.007231084033452344 -0.00710572765158031
