# Created by Octave 3.2.4, Fri Apr 15 15:17:03 2011 CDT <josh@hell>
# name: t
# type: scalar
2
# name: v
# type: matrix
# rows: 4
# columns: 41
 0.825023819811058 0.288941748117099 0.3073700525031208 0.2400516525847128 -0.3291580224037319 -0.0378482308589253 0.2341999032814821 0.2411380311625819 0.2569526115426847 0.1703687385985439 0.5899050277087758 0.2893376923842083 0.04287239920510667 0.3074784867074584 0.3007924986529656 0.2384474666219724 -0.2326664512511769 0.07973027039458133 0.05575933130578994 0.0230587368796352 0.2111801400641617 0.2652966603715317 0.2406894387114583 0.267287708219018 0.2261420221918213 -0.2498375660258822 0.710601823753756 0.2859117593634775 -0.410822111541717 0.2508179373348117 0.2062661280814844 0.2971195837275113 -0.276038580756988 0.2039493920195362 -0.02496815826185692 0.2814226420251935 0.2991783276127665 0.2083687976595744 0.2741954182494083 0.06923517918133702 0.1730732906431977
 -0.1738825266858175 -0.1411161633412972 -0.0665349723567111 -0.208648403014242 -0.3555554041632739 -0.3868779065385232 -0.2077826577669352 -0.2010034289378757 -0.1853537320050157 -0.2772791275428125 0.6795589519284878 -0.1424148416633134 -0.3709496767720161 -0.03514873893663236 -0.1266563972090502 -0.2097906281689395 -0.4298912326362655 -0.3304685280920693 -0.3401492919840127 -0.3907668515649168 -0.2274092312384758 0.3182178575510959 -0.2005583923279742 -0.1764820872037569 -0.2165497747747215 -0.4250029636272633 -0.0885905533315839 0.06027214525455605 -0.4289544179802197 -0.1996154524972004 -0.2371057408780774 -0.1305845281929124 -0.5104342456750443 -0.2287606228694291 -0.4001274618450242 -0.1681519867381497 0.02031505282844689 -0.2228992335057751 -0.1740316635951511 -0.3463945761081923 -0.2591750838066206
 -0.07966117377780461 0.1878137544580712 0.1508784857377795 0.2335748413324996 -0.04615391141994047 -0.008961854848843152 0.2304501789669217 0.226338380399028 0.21586423782287 0.1480279165794636 -0.7279356058497214 0.1884683248683793 0.04425807665032862 0.1462613493125475 0.1745439605226946 0.2332947955022622 0.3110893510448334 0.1086909268831912 0.09194927411078423 0.01590844715502145 0.2179331577198653 0.04298343648377916 0.2334131899249835 0.21411467814941 0.2281062055851441 0.2047917337875443 -0.01561771492821992 0.1222731442963968 0.3734696821781748 0.2244215938454823 0.2026351157130892 0.1778343456779329 0.4682836973147173 0.2165888267694163 -0.002406378866231401 0.205011618386253 0.1305628319282547 0.2307240716960604 0.2092677482756131 0.09577147573141034 0.1761266914160662
 -0.5660162283833418 -0.3393678711030122 -0.3937489291771724 -0.2664652866435847 0.7261036700504078 0.4254828700730292 -0.2618059705616534 -0.2637063078583888 -0.2932033085869162 -0.03971584553799951 -0.5478392320465358 -0.3405188853685561 0.2772990527628951 -0.4100264373258031 -0.3577117523796033 -0.2603146590005081 0.3562819195787431 0.144054391545269 0.1828625183933686 0.3487152228492143 -0.1992715213787276 -0.6312075167437358 -0.2749087749585366 -0.3006212440304318 -0.2355429819912258 0.4689383088307685 -0.6043911316106086 -0.4601966891270198 0.4657354386817725 -0.2775493542791508 -0.1751528992291398 -0.350576211233473 0.3178216955689231 -0.1942762472750536 0.4262983231100121 -0.3173511864572479 -0.4400872956660958 -0.2105726629756967 -0.3124307704863485 0.1873405808066445 -0.08467489061140446
# name: w
# type: matrix
# rows: 40
# columns: 102
 0.03642940542386585 -9.810460063170962e-05 0.0043106437133843 0.3636406224281485 -0.09292688707397224 -0.02744566305086988 -0.003923073588768627 -0.01039672912851602 -0.003327071753913067 -0.004201642714992348 -0.004844815048862755 -0.004049773125667376 -0.008730973336789443 -0.01238467430718154 -0.009864822846119888 -0.01104026024073617 -0.02029558569435073 -0.01123078529106896 -0.01418087265836053 -0.01782430605635147 -0.01616940058282659 -0.01540343719617062 -0.0142172510732179 -0.008641354578221822 -0.01513843285869912 -0.0119226507055499 -0.01098603105979491 -0.00780043577294109 0.001594446231166125 0.001284186168377952 -0.004818015347463267 0.000441836116580399 -0.0002101177503174942 0.0002756636764428712 -0.004247723591869745 -0.004498034857212916 -0.00706719956085762 -0.006084382796236417 -0.01018939811607569 -0.004739018668243973 -0.0109465325478836 -0.004862534104241225 -0.0127582168261723 -0.01007978862813292 -0.008763503907090601 -0.007404936806802772 -0.01424921649070732 -0.01426664552366349 -0.009896380804787944 -0.01176984012908909 -0.006017214923221038 -0.01635740129616158 0.01406551472010909 0.01934150559484932 -0.01560009198144209 -0.2670195211817044 -0.001575714365232302 -0.00482562894089856 -0.00143548719858497 -0.01098274718871477 0.008642104026586526 0.00875493343193947 0.01331566328858293 0.006180300550905476 0.02463607545150532 0.01098416037645826 0.02549160736006652 0.01266325479088016 0.01812162334958796 0.01249938818003957 0.01961620371749786 0.01541604606207672 0.01596194375480072 0.01616675679575879 0.009570138893439368 0.01033830451572538 0.008960983329504842 0.009794691281938231 0.0003033925843932396 -0.009921419638485588 -0.002022282435756112 -0.0006177777024753999 -0.002938322175508697 -0.005743889407335789 -0.004990626814573866 -0.01547644152215531 -0.004409148340925823 -0.003272593025514624 -0.00248255757224263 -0.002384798696757527 -0.007977044783166179 -0.006605215980793396 -0.007034748631301769 -0.00597330961661134 -0.004626799961116255 -0.02334713222779833 -0.001651823174562638 0.02511946854947686 0.03707159257770644 0.04686634988581539 0.08819679161577698 0.01687747936729481
 0.04256041143226858 0.00166426193643187 0.007247178333743317 0.385798684286276 -0.02303862244696973 -0.08143850943548002 0.002572132665212518 -0.006052230203498606 -0.005783264947202012 -0.007563585933470808 -0.002726055557733127 -0.003545188173229895 -0.008391445736812679 -0.01524664644530183 -0.009233904408448913 -0.02004372012936338 -0.01468343277936011 -0.01571974159303911 -0.01770744233231015 -0.01376777034475547 -0.009784541801609446 -0.01554882951982847 -0.02535082773538447 -0.007623835749572648 -0.01847695312778789 -0.01830700786890889 -0.01433151638327285 -0.010166334288814 -0.001853443100356285 0.001283707500857492 0.003212130424869029 -0.00153206380408161 -0.0001435221987662153 -0.001920358013490513 0.0004087085892015953 -0.004956759073327373 -0.002925436724657279 -0.007163754656125361 -0.001874637673987164 -0.01029972089411228 -0.007673359819135301 -0.006528867730816856 -0.008029710429362808 -0.009595269413795274 -0.01399497808510804 -0.01499894955880123 -0.014045746632768 -0.01108679532418378 -0.01030384743635266 -0.01459023134446879 -0.009346551358603558 -0.01213953181428255 0.02275825885888233 0.01325758647261737 -0.01103121571768939 -0.3160993503904186 0.003134285898480624 -0.002511171543506734 -0.003811380467831176 -0.006340233103073295 0.003047700188242233 0.005093771888538671 0.01425198823743933 0.006028725695080088 0.02594326735565671 0.01116013503469067 0.03045810929908274 0.01733181579974786 0.01963006345967845 0.02049553604048578 0.01838277043321517 0.01512839197804869 0.02294519248411098 0.02132748826999046 0.01791793979368457 0.009545460953571035 0.008915549021983167 0.01099991669551856 0.0006294745670272896 -0.009296439935554068 -0.0001257764644246254 0.004662386438237743 0.00353319837599924 -0.00616452648754681 -0.01089340189456733 -0.01722077001232072 -0.001378442768653502 -0.0001610945522272647 -0.001298170511731757 -0.002448917568850332 -0.007980254149779369 -0.006351668438629602 -0.008285330580176728 -0.0125613696406979 -0.00213415767022391 -0.02941664197881638 -0.004041376338635277 0.0305678581824369 0.05265706576154455 0.0495986675217651 0.06121727192487492 0.008971526841133016
