# Created by Octave 3.2.4, Fri Apr 15 14:25:06 2011 CDT <josh@hell>
# name: t
# type: scalar
2
# name: v
# type: matrix
# rows: 4
# columns: 41
 0.622953448048592 0.2097603551312944 0.2198857234323739 0.1921681631520107 -0.2131693608247038 -0.05508507164973239 0.1893352305014648 0.1950162246521891 0.1996742346561981 0.1374824958355806 0.3035269524194894 0.2112189433432842 0.02385408267126088 0.2204589938944266 0.2156402136180799 0.1926159843368753 -0.1758966071122867 0.1005016931559694 0.07630139869422599 -0.01851249397406778 0.1742353197515536 0.1562407091437359 0.1930732823486862 0.203882446680585 0.1844377317474041 -0.2005361272276887 0.5642969243062154 0.2056431574337396 -0.2234641891277332 0.1996658980615327 0.1697121803271459 0.2146398174318675 -0.13024681864631 0.1689793721155053 -0.0503679522206393 0.2111739942523636 0.214248749872568 0.1740824793939558 0.2090116478716697 0.08859453049513248 0.1428574453578902
 0.3278561096493876 -0.1140922719514546 -0.04874609697059553 -0.1729785888126169 -0.354415157696551 -0.3652994309612165 -0.1718425087844739 -0.1657912015188076 -0.152647787782852 -0.2275574749879337 0.6819466890240485 -0.115959691468393 -0.3194422557903326 -0.02267493445041779 -0.103236148834206 -0.1739652899281422 -0.3464826994490712 -0.2581320205961493 -0.2607497674268666 -0.3554743965914651 -0.1861566705854399 0.3261156802082709 -0.1658196241740101 -0.1453735281841423 -0.1784846932630813 -0.3306989570112228 0.2098136542923253 0.0511765957703507 -0.330368192645097 -0.1660815339805606 -0.1938438204500397 -0.1060511568473227 -0.4413074489479913 -0.1869397876514318 -0.378220277639844 -0.1386923034334081 0.01855106870836213 -0.1822403398008076 -0.1436787600313582 -0.2676636771046298 -0.2110617808836908
 -0.3032128444184897 0.1195959437529592 0.09033262500399057 0.1334726681476456 0.258781286404308 0.1695545637455683 0.1272593582202482 0.1250925805189859 0.1247234315860054 0.0631887239578024 -0.4813209804854922 0.1201863320125429 0.1122275534262189 0.08351530017572727 0.1148117830850894 0.1314715217473877 0.4187739772046995 0.07403059617361257 0.0753022906190819 0.1465463572559289 0.104624411848209 -0.08855239898853487 0.1344414994063786 0.1304900024974572 0.120081779377465 0.3640430944819376 -0.1560895793903211 0.04867652626122188 0.3760506671716793 0.1285824531748752 0.08744249801667743 0.1142099168974058 0.5928228351705813 0.101503378725399 0.1769303984826257 0.1290837630007365 0.06536406006099033 0.1158115275806334 0.1271681718543805 0.07890554025788593 0.07314668956960103
 -0.6421328223153977 -0.2189925588019386 -0.2635076147587522 -0.154149438227653 0.304039564180407 0.242624816692118 -0.1496906260174236 -0.151550928887022 -0.1774900696857289 0.02828793729174531 -0.5104635192170397 -0.2205732936667166 0.1768404715391664 -0.2727346998621653 -0.2362475382819566 -0.1484852412013338 0.1084189160927916 0.08560679199753952 0.09956790993948793 0.2243560886285582 -0.09027051584749922 -0.398513552700801 -0.1630596962311251 -0.1846998658596608 -0.1238793468507698 0.166081502722142 -0.6160185753248747 -0.297235919677901 0.1772103059391618 -0.1640920928519042 -0.06666825420642698 -0.2290053875028921 -0.02163600112467352 -0.08604161454500243 0.2504541555147572 -0.2006343666036424 -0.2881949619385478 -0.102032694299618 -0.1955003272511706 0.1061162659628102 0.0004076535974388041
# name: w
# type: matrix
# rows: 40
# columns: 102
 0.0007009178917280634 -0.001642176074700542 0.0005153075568407631 0.152139096140022 -0.2098277305877439 -0.0006864463961450734 -0.006470066520283133 -0.007199008799940327 -0.002751803893549094 0.003016157873087895 -0.004620216886242904 0.001284917198942658 -2.111171238654199e-05 -0.002387265445097803 -0.004481582793218001 -0.0001960067749050529 -0.009869661007841056 -0.004461974555944972 -0.006063827685116535 -0.008635953611967274 -0.008898124696296285 -0.003173344024041845 0.0001321839133617902 0.0003031217515654838 -0.001803150109800872 0.001097033027720825 -0.002071283804928817 -0.0004455655101517162 0.004459789218062662 0.004146990885282632 -0.005981658129594037 0.0004444223057904319 -0.002273392830168054 0.003152690785068402 -0.004311008877370395 -0.003944530409714744 -0.005437089822651824 -0.003959208108801167 -0.008963593770933356 -0.002155856285672092 -0.009647638323658106 -0.001643007029217319 -0.01045612029308033 -0.006758699551564061 -0.00803872802687257 -0.006266376238523803 -0.009849767108289997 -0.01157990174945643 -0.008038727867598813 -0.01251156136519927 -0.005629720867241674 -0.01001966132994658 -0.008448319253736626 -0.001077744299064864 0.003394465010894532 -0.07981838725748182 -0.00263521066175293 -0.004291532866720921 -0.001712257076029152 -0.007007317798771835 0.006686689896808454 0.007808033250560974 0.005110427015763875 0.003920926891556025 0.02101826090479802 0.008948407137933101 0.004591071019911648 0.007593693725930039 0.004560057172872759 0.006014446919204267 0.006463136204804866 0.004919248715225583 0.002807673022732151 0.007477182226151929 -0.003598457914122102 -0.001250249791245689 0.001965563631857473 0.0005365486202100105 -0.001611216530415174 -0.009897849632036658 0.0004487107742376979 -0.001892508260882831 -0.004538692915912067 -0.005176259248286715 -0.003762097555120879 -0.01584346484407585 -0.003740386499818411 5.449765001814741e-05 0.0001172837066462424 0.001028299159293388 -0.00328883428583422 -0.003183228002737015 -0.006790082882588875 -0.005732519430308889 -0.005185437892994894 -0.02352601543038635 -0.001640227603395276 0.02444087980121728 0.02715469277025527 0.002108146275616367 0.04687075795749777 0.00540842612445733
 0.003976086788357518 -0.001793949770421143 0.0002014708480291282 0.1718347506976259 -0.1828198030991247 -0.02250288247154568 -0.002274424834304613 -0.004965018775088387 -0.006080339642277039 -0.0009768180783445203 -0.0008120122894444521 0.001583420554584547 0.0003919525518114655 -0.004555771942060697 -0.003666564361776036 -0.008310101932580014 -0.002805927701406121 -0.008204920611573394 -0.008658461269056193 -0.003286847960881133 -0.000857561593071234 -0.002582090212768626 -0.007164493809059436 0.001958941128284571 -0.002812134814812289 -0.005077361847830328 -0.003581101930735956 -0.001932389799662665 0.001653485588864136 0.004919125623125615 0.001279924836469675 -0.001514566051730085 -0.004227864456782093 0.0002842385210137529 -0.0006472798518682477 -0.006116290552474572 -0.002583981266413252 -0.006092783815317892 -0.001496938588978725 -0.008575599580604793 -0.006752655584913715 -0.003484690848972254 -0.006678371932222617 -0.006217833949199469 -0.01517018672647003 -0.0139848888212324 -0.009521250825659695 -0.008392180986641911 -0.008722171905917561 -0.01572438079056254 -0.009380549442971873 -0.005578039655726029 -0.002666635374524849 -0.004994406180474665 0.008696763218636099 -0.09207029383293987 0.002920093192801131 -0.001652674242514073 -0.003977199516821042 0.001417802474493724 0.001229709225005465 0.004503194095180261 0.00593477741402888 0.003331828562274818 0.02165851295150655 0.008331533013292034 0.007453943886561965 0.01218583221143301 0.005060435985037601 0.01293918545335676 0.002525491283976464 0.003589142963130891 0.006987126368134419 0.01110705753656343 0.004379215246617447 -0.002086315665046168 0.002075613344891259 -0.0005730946759063209 -0.002746056944001168 -0.009252340555266924 0.001432048221132382 0.002116025870949524 0.0004420951927984704 -0.00686792310071566 -0.01093135390708561 -0.01962610209458554 -0.001564514255363196 0.003277826415881797 0.001305300681227275 0.0004290572610976266 -0.003660984866433665 -0.003358347612398855 -0.009098443756445607 -0.01315447359039722 -0.003384458006061037 -0.02970903687344212 -0.005067100844331442 0.02969364460114383 0.04067018750018798 0.001342308153088876 0.0255436485849582 0.0002307285331693013
