# Created by Octave 3.2.4, Fri Apr 15 08:00:20 2011 CDT <josh@hell>
# name: t
# type: scalar
3
# name: v
# type: matrix
# rows: 4
# columns: 21
 0.205835967031927 0.1777434120758034 0.122519199588662 0.1314224312067732 0.1827089877115721 0.1650553514406946 0.1824315894314979 0.1844430878563519 0.1883781707490523 0.1830183993661638 0.1752517408748316 0.1881535515245836 0.1566491667465397 0.1574832700921066 0.1714428279738844 0.1340235579268307 0.1471340754124141 0.1479741693330257 0.1321151802602687 0.1723059162454466 0.1825655368199302
 -0.04771894503253155 -0.01239877500233428 -0.05948880084637802 -0.05308063213449289 -0.006048828324827653 -0.03661052478588796 -0.01221951031539136 0.03492036643320874 -0.002425153598691821 -0.02089099150238077 -0.02501396294144005 0.001916341492724574 -0.04088721647572401 -0.03973272970077521 -0.03022541733713872 -0.0530069620945912 -0.04744858545075758 -0.04869726328760286 -0.05303735235966185 -0.03327087382422216 -0.01631040656017972
 -0.08112116220940696 -0.06486132156157032 -0.009164390785119422 -0.01675771954333788 -0.06315037362348409 -0.04200514766844705 -0.06886101385385968 -0.09314251502117998 -0.07522244920406135 -0.06244843328688618 -0.054262153854172 -0.06966383579973198 -0.0356648617119695 -0.03588425659864552 -0.04670194203837707 -0.0169822943084873 -0.02944377190294489 -0.03211804881746787 -0.02151460883160658 -0.05210381719589922 -0.06710245221328687
 -0.082821337418862 -0.1069466483725941 -0.0546618927208476 -0.05805265775745093 -0.1056901742745151 -0.08863296448111962 -0.1082487430529019 -0.1250275664436986 -0.1079777605359458 -0.1008854065113535 -0.09877013603087773 -0.1145110055957351 -0.07796279975373453 -0.08266759897906067 -0.08997291306826811 -0.06716527482214352 -0.06809791371599137 -0.07133010600999025 -0.06205086017631854 -0.08583858606693424 -0.1007307490108187
# name: w
# type: matrix
# rows: 20
# columns: 150
 -0.01924191194210832 -0.0007641175177680336 0.003500055169975586 0.1117536569307302 0.187386900881155 -0.01473161707691381 -0.004782660752781032 -0.001617674850643982 -0.01010429244374389 0.002528658780196859 0.003767507646036896 -0.006535746697292988 -0.0004377617046428519 -0.001491228458862982 0.001541411721698099 -0.001674569149862193 -5.356290911243549e-05 0.002760584492730388 0.004654011609308292 -0.005133453556290828 0.00273731764686968 -0.004312698832382768 -0.004057198820563208 -0.002717872277920196 -0.004554906014229272 -0.001355815923531455 0.001485312724659722 0.004881637583796101 0.003341139749241534 0.002009941829465471 0.001225291532674919 -0.00392146872844624 0.004514208220027191 -0.001123841967152678 0.004780836372404684 -0.001801362178821791 0.006104976984265173 -0.001284546840571241 0.004082282602429714 -0.000353998625014318 0.004431089795672073 0.006178790931755189 0.005318136464814939 0.004575070416671954 0.002594527589863581 0.001712802098471955 0.001692067815206011 0.005451374566937375 0.003447068909226717 0.004992264693336914 -0.0003408597685728174 0.002670833351683994 -0.004504661637675619 -0.001820860241622542 -0.006177477145786255 -0.00341589523361368 -0.007445481114235978 0.002789797308021056 -0.005461628805590106 -0.005215872007564476 -0.001191413685643081 -0.004253384830847284 -0.003878672104436154 0.00017423779458326 0.001937010192477789 0.004513675749649616 0.001904113402444873 0.000530326064240117 -0.0008166036198258333 -0.004393191868814557 0.004232164412550637 -0.001832010215566931 -0.005332002908953557 -0.002671097928341245 0.002960998032113222 0.002867814654801396 -0.004994264299061109 0.0003341743243580131 -0.002557385543011231 0.002398168903041586 0.002550238506403562 0.004647891277208072 -0.002779726561679509 0.0001768111923327817 0.006064285287543918 -0.001181622542830347 0.001626429769025017 0.0002335505396400346 0.00337246758473548 0.005092617949263968 0.002401884393307456 -0.001803585700057856 0.003878976252458594 0.001331163291884019 -0.003535306338209263 0.0006615514837871997 0.0007173808078009539 0.001548401675055897 -0.0009548404398828306 -0.001973161587838259 0.004838662174253444 -0.001452441073987228 0.009343935913540003 0.0109728076207454 0.008901683318706312 0.0060542464008782 0.003160887870529814 -0.03494166106614256 0.003655665269846443 0.00632756639591331 0.009358226144695819 -0.0001283007956318406 -0.0005743128412360396 0.004105100010974466 0.002110094879902108 -0.003393784674994978 -0.00352016274037418 0.001349290380764801 -0.0003823514927597014 -0.0002310009732632221 6.004606455033176e-05 0.002834556073437346 -0.004095609072100002 0.003170350512139609 0.001694715509532049 0.00254459423243041 0.0009531041417647869 0.005256554962028603 0.001907651454912765 -0.0009803847541756351 0.01039764675361848 -0.001985395814865403 0.002227777866211512 0.003736349678546633 2.147269910558339e-05 0.004215889098291328 -0.001718200966619586 0.0001453008111218163 -0.00451275675908171 0.005311154675664736 0.0010678703623167 0.002463157458978221 -0.0006495563782660153 0.0006529682936186465 0.0007651532655496725 0.003261564405407416 0.009594521899267633 -0.02130093689337501 0.008277782735492296 0.01103167456151782
