# Created by Octave 3.2.4, Fri Apr 15 09:52:31 2011 CDT <josh@hell>
# name: t
# type: scalar
3
# name: v
# type: matrix
# rows: 4
# columns: 21
 -0.5294205470696425 0.4035017288658816 -0.358149460556238 0.3322489200095143 0.241640494304012 0.3586661908217041 0.1593690732879633 0.305298466150175 0.3459649110163935 0.2137247056176513 0.2161270756357911 0.1723937310862697 0.350373192945221 0.3542675011470254 0.3688767280278982 0.3437239673498492 0.3620315938671671 0.352178130981906 0.3432811268600415 0.353207901770592 0.2490498131320969
 -1.027645787903959 0.02823678119579292 -0.6285298432189474 -0.5682103965341743 0.2071233819081026 -0.2985395651185338 0.3143718281812088 0.2969130341853431 0.2994252895953521 0.2099404905653191 0.09291851185750521 0.2202552557350201 -0.3803463673831476 -0.3626328200584227 -0.2217115799805774 -0.5232229907054826 -0.4480328847098111 -0.4379235825057888 -0.5257145122319409 -0.19007016178742 0.1983476296343032
 1.044226208436006 -0.01089537041225932 0.4285034501579907 0.3336279047834787 -0.1582108191182751 0.2942475842881591 -0.1935512489562137 -0.3618067760695371 -0.3838202886981752 -0.118613575105147 0.1654603971764992 -0.1634413560977983 0.3361768487592089 0.3238753347778617 0.2397388786918467 0.3531948699793702 0.3331150683067907 0.3468278175137675 0.3462140233490119 0.2173455946828329 -0.1641964209626438
 0.5070146489087245 -0.4273064725101106 0.557379968853513 -0.09413500648732756 -0.2827334456050946 -0.3565674954860896 -0.2870873303036134 -0.2392113514413009 -0.2588171045032165 -0.3062580530122798 -0.4773004966214545 -0.2233125791016509 -0.3040693855161712 -0.3163113310528401 -0.3823614712090666 -0.1768268199221284 -0.2449699731214264 -0.2652536147719196 -0.1682682790844309 -0.3793906955076137 -0.2847790927681101
# name: w
# type: matrix
# rows: 20
# columns: 150
 -0.0391452890401624 0.1001771532857585 0.1083064449682833 0.9094708841127019 0.9366340948132991 -0.1501368286796469 -0.0004752423671390935 -0.005183602279161303 -0.009767891943379872 -0.002737309410169872 -0.005130595848344819 -0.01557817829846685 -0.005160355457283068 -0.01492986520364582 -0.01893573515219177 -0.01707834915890254 -0.01547652491310044 -0.01921339116508841 -0.01788825957036362 -0.02790253769950334 -0.02152328415080008 -0.03011092754965234 -0.03085162706288617 -0.03044709676708916 -0.02716302657989237 -0.02757266697064208 -0.003133768952965016 -0.01515451093173115 -0.01576104300137478 -0.008451953818050625 0.02586376604460686 0.02162700843784096 0.01760108398415058 0.0241208592691814 0.02135345781476652 0.02440034888428416 0.02673595358611488 0.01996418187208938 0.02013799044850044 0.01505052815826858 0.02318553067295809 0.01424269147446572 0.02311145186215782 0.01768551776818764 0.005904869912717408 0.008242591328998398 -0.0008034214472887593 0.009483058830793624 0.008833687456669761 0.0149493970290258 0.02279782596292721 0.004315177444239112 0.01042595802437841 0.03434942771527832 0.002579844758201581 -0.008086813870109111 -0.01612731616076152 0.01810084733989445 0.003454338375934673 -0.0004939672012600847 -0.0008281138404244086 -0.01136122900797159 -0.009657902405431476 -0.01377832511365131 -0.01252533097661645 -0.003250598337136268 -0.009917717455893172 -0.01964035556167782 -0.02105283870630774 -0.03171044115476077 -0.02497382297915704 -0.03642986968963353 -0.0345240692649079 -0.03473570089626951 -0.02044150648501226 -0.0282225391700095 -0.03441798339613309 -0.03745245725164687 0.02724485168237843 0.02628854305431357 0.01611402231342161 0.03167195210539069 0.01861753184656169 0.02255906614836251 0.02574336318816268 0.01986638085714407 0.01900125126363606 0.0159100290996074 0.01860195331072798 0.01547316633672384 0.01435047694923674 0.005387520177682112 0.007357760322322647 0.002101321806964648 -0.002852267809901024 0.005574334704845134 0.001452538993460826 0.005353459013333755 -0.01107422806081355 -0.03957991812985517 0.005757632006308038 -0.01298753502570586 0.02179784038935796 -0.1103066495995569 -0.3567592390175024 -0.004694632266106329 -0.3451080673307071 0.002190936163365791 -0.0001840852387033981 0.008759758367073968 0.007802133089757557 0.007413983618801326 0.01085872003040702 0.01436297927675857 0.01775222558998388 0.01987419280301236 0.01731036540573711 0.02466748189362408 0.02441083811324992 0.02467077491669467 0.03892349984157045 0.04324537337663476 0.03543359565366235 0.04429606155898784 0.05196955418021381 0.04650997466368478 0.02964375343429444 0.03312503471622428 0.02761592149420681 0.03320330780987136 0.03625624170040396 0.02695989133600593 0.02190118364876528 0.01868111150858989 0.01734722384567848 0.02298494207716527 0.009006796436794758 0.02971242146313733 0.002490086106384586 0.01106193547248813 0.005840899216127582 0.01826109858612953 0.01187733825762456 0.000626458852221972 0.0120267618096863 -0.09575733586736603 -0.1476313699924268 -0.05089081272347887 -0.09013873980563696 -0.1088557735565644
