# Created by Octave 3.2.4, Fri Apr 15 08:45:59 2011 CDT <josh@hell>
# name: t
# type: scalar
3
# name: v
# type: matrix
# rows: 4
# columns: 21
 -0.3787559914580693 0.3563046098066193 -0.3205357450366731 0.1077311259813444 0.2720339166386694 0.1336058670016893 0.2946106594839623 0.3488041134901625 0.334236900100914 0.2510521891416721 0.1335993698775983 0.3190960890504297 0.1262920122444812 0.127532307557951 0.1424229254151177 0.1189617573284972 0.1280991777882823 0.1243650971691962 0.117414362874305 0.1463598262318822 0.2670952465474454
 -0.8190684923286519 0.01154939891415003 -0.5678314362134365 -0.4344460852041852 0.130464428787603 -0.1983412360721105 0.1553483816678168 0.2399258730854962 0.2236057278959088 0.1092177267196605 0.0611961611098038 0.2045187976872256 -0.2710709762478068 -0.2562185788421122 -0.124844238837331 -0.401696546516111 -0.3368481307845119 -0.3243017583006262 -0.4029746761879218 -0.09800340869663679 0.1187470542274916
 0.8467544963942025 0.01541780979188621 0.4448547286409584 0.2922740455509351 -0.08741922315259665 0.2722487993719469 -0.1482105945004411 -0.2750533576591029 -0.2474516755508588 -0.05373849407296258 0.1165061031130775 -0.2036359339158503 0.3057871066124362 0.299584175089371 0.2273896877184555 0.3097040697143831 0.3160851843549441 0.3148999949361129 0.3058721351379333 0.2006749909636837 -0.08227288384555433
 0.3452445097636446 -0.3897351513733515 0.4427165678454675 0.0379723354433971 -0.3072595107849305 -0.2097067157962856 -0.3086461244419926 -0.3124832560918748 -0.3076381450356104 -0.3077378537228266 -0.3140961460521377 -0.3140839011999638 -0.1588738538039991 -0.1716992189915847 -0.2404258187661417 -0.03010025382516102 -0.1051924270159949 -0.1191345825867182 -0.02479946293163487 -0.2479387693405381 -0.3051474878937373
# name: w
# type: matrix
# rows: 20
# columns: 150
 -0.0851235870727081 0.04615184265931249 0.04944569422197408 0.5086877302354647 0.6349984344221319 -0.0641587225299136 -0.01141760777082045 -0.01230296031523234 -0.01472342044891606 0.005285772954116226 -0.007123017325066466 -0.01185544567891223 -0.008141417671493817 -0.01099527474088123 -0.01261726254483639 -0.01298545799607975 -0.005808918816473823 -0.003294680570528368 -0.003221820123423499 -0.01896355008186525 -0.007275292852656261 -0.0122850975849428 -0.01194542882959142 -0.01166540693219297 -0.01277056541869041 -0.01955400057206144 -0.002715932683269622 -0.005531737790004934 -0.005418188721157156 -0.004968741706917371 0.007753768766724529 0.005045812416256622 0.009479272284640189 0.008381143280847984 0.0070563822606008 0.009959164743049786 0.01530728519548217 0.00942849949031513 0.01047060186545942 0.0085800556976347 0.01056942626775437 0.01349397322659503 0.01404752894669692 0.01397222967734885 0.008609370829806867 0.009266284363239926 0.005968398969210062 0.009314618084268794 0.009341300242364963 0.01275747787859716 0.002183112222098159 0.009237868813057239 0.003990579348412036 -0.002587274182162011 -0.01654661616675128 -0.01677802260515002 -0.02030273328232044 0.02493556885892561 -0.001609065767075954 -0.008260082128479382 -0.002359206248216256 -0.008002503542440663 -0.00509427018101583 -0.009900258269284147 -0.001950326989804964 -0.002925922927805492 -0.006686781263248948 -0.002428423954430417 -0.01230570923963905 -0.01271904198374039 -0.004509591862485298 -0.01367967170997933 -0.01481184779823426 -0.0203816553481488 -0.004570515058931067 -0.01482626315829244 -0.01465101474162975 -0.01223337635039023 0.01077099690525681 0.01514689634432714 0.01097471897610117 0.01283971442234917 0.002751222625471667 0.01141494457451448 0.01243199456467417 0.01150816250236943 0.01027816001163965 0.009193036553701461 0.01423061328134376 0.01353297781038346 0.01208644291475393 0.001016971727133515 0.007379893599426623 0.004621762273451705 9.823564805752409e-05 0.002518544511732998 -0.002260857101394688 0.002923560243625044 -0.008018313703545084 -0.01756802218037528 0.01000552674327555 -0.01044228537975738 0.0205841949866946 -0.1297754739251278 -0.06097471161660352 -0.01406057873576153 -0.1842780791460598 -0.002202026820838253 0.00345516821744843 0.009954199053915754 0.00896283837534026 0.004106328093470168 0.001692828720870503 0.00712907894793333 0.01470462847059308 0.001150310092054879 0.001392647029915874 0.01486985479320607 0.009158624440758727 0.008219554297057658 0.006561680442057002 0.01813381400397571 0.004955364499229499 0.02317901650840839 0.01292694189721845 0.02276158910971111 0.01943262769298449 0.02297817865642552 0.01405248354575542 0.007514691742391155 0.01607868246641432 0.009032682867183386 0.01224795597971063 0.01215851089583744 0.009729218982780953 0.00840678968503383 0.003545676711428147 0.009841883869404959 0.001853898601038545 0.006599022551772371 0.003856469254809274 0.002692945134639612 0.001132809340733379 0.001010444965782337 0.005579072957589778 -0.004326345485171472 -0.04435825218384434 -0.03237972449078896 -0.01304505767583214 -0.06445035901230375
