# Created by Octave 3.2.4, Thu Apr 14 16:34:53 2011 CDT <josh@hell>
# name: t
# type: scalar
1
# name: v
# type: matrix
# rows: 4
# columns: 11
 -0.156170476191585 0.2464760740486908 0.2385213642754032 0.2686197239325098 0.2351064947385903 0.2557275398503217 0.2597070723745607 0.2500203798036745 0.252669350313131 0.2248415797415595 0.2403934053781639
 -0.4446350274896143 -0.1214743530862325 -0.1237156912846612 -0.1289805254299318 -0.1251555675561929 -0.1241889768582604 -0.1233012930786783 -0.1345821536535501 -0.1337325889183624 -0.1285634963974768 -0.126235523050092
 0.9079279649835188 0.01113312978151313 0.02653611066015019 9.260492721015201e-05 0.02673195925327162 0.0003929741733337613 0.009223372041097227 0.02314189670066429 0.01195177232065319 0.03663937282274247 0.02093693909360898
 -0.3112495395344307 -0.1301327153699823 -0.1351778576698096 -0.1394111290081787 -0.1269808605723291 -0.1356783384917416 -0.1358880133922349 -0.1384704552542308 -0.1389289949477193 -0.1294108529232977 -0.135632986028661
# name: w
# type: matrix
# rows: 10
# columns: 54
 -0.02301389554751052 0.00372848475443393 0.002899463957454291 0.4138994467211953 0.3235406636884389 -0.05084282133048558 0.06901651986456481 0.07954680476299709 0.03963169626498803 0.05277946492002359 0.02582760292680465 0.0393646311698669 0.02112748717979451 0.01214187765308406 0.01569848942699623 0.002075656051029506 0.01201338139762278 0.009903125288566749 0.007636958804672623 0.003273448174210759 0.006099329878390714 0.003863821089255204 0.01481250095921907 0.002135072058490308 0.000568164903663358 -0.002904711071900378 -0.004908850562101199 0.002665098296934232 0.003952120075310979 0.00529117732166569 0.0006121103213367892 -0.001535319939844709 0.002313571983331417 0.003344494919174506 0.001953306186654011 0.003322657996943309 0.004719109853011658 0.003601283983863097 0.006808354307475922 -0.001165501576432694 0.001282952015258993 0.0113257235666302 0.01601671449549659 0.01903040611901348 0.01291959938562347 0.01932224092409224 0.03572971296845429 0.01912293531124369 0.03130817076660079 0.01827309410403869 0.03422611612556593 0.04811039409488748 -0.01604865570178085 0.05353243327903747
 -0.01748743473517236 0.003691597526671542 0.0007568343840808288 0.3908160036752087 0.2904209607423954 -0.05221636912182524 0.06070737525677238 0.0745882694591221 0.03542318692285449 0.05354957989561202 0.02948889382689209 0.03394004162647057 0.02405863367264149 0.01680971806350182 0.01247137077915342 0.009664939625393448 0.00519752277127333 0.006273963104592712 0.002635387588310422 0.007840094218385276 0.006025761988059486 -0.002427399009821753 0.01008772298952881 -0.001071293234602146 0.001580886266197207 -0.001854577767062306 -0.005701237121231478 0.004522072852296453 -0.003717109462898197 0.003377491101487012 0.00259880373366119 -0.003726842017531219 0.002682786907063265 -0.003961091350135042 -0.001727337209946742 0.002435646152900375 0.004844057138137017 0.0007447851064716714 0.002198734400038957 0.008003272577930459 0.003353077256013443 0.0107574637323329 0.01081129391584049 0.01458282607474136 0.01110208651011587 0.01768224540403635 0.03015798277747238 0.02152845739457447 0.02828390731422671 0.01779484442512155 0.03869343577611088 0.0393298376956869 -0.01879242541835148 0.04492505094952638
 -0.02242241310415969 0.001918184499789546 0.0003195029763913144 0.4158946904534114 0.4001927966601825 -0.06498934311352092 0.07941091591152483 0.09112203549319174 0.03809447224494247 0.05099790312528552 0.01387153555227646 0.03901543919390013 0.02270738251972896 0.01204717298737368 0.01267514818144855 0.003837847050681808 0.01063375262152399 0.007805827409678254 0.01202669835165508 0.00956574903916208 -0.002071877260823592 -0.001183434593072296 0.01315605307969459 0.0009791419965565124 0.007643669995866202 0.003951267122108445 -0.00246414348612219 0.004847332730645643 0.002702209772283217 -0.001797814597975649 0.003693526599866232 -0.003763031551921847 0.005656167753936205 0.001711595083857723 -0.002943041996703232 -0.001017083802049256 0.0002557304765416629 -0.002090341024028591 0.006213855493299474 0.003898709036502222 0.009659321360052382 0.01229140927668113 0.01274771573830701 0.02584599731579182 0.01937974280672699 0.01888314537565871 0.03910198186694203 0.02382829990117473 0.03010681306792455 0.03108347360470055 0.04481398892212082 0.05393429849662594 -0.005665865271998586 0.05333005677270057
 -0.02272160028202003 0.001572974016878501 0.00358327655695677 0.3895832466348528 0.2881167849567802 -0.04652622181969235 0.06409417114209458 0.06902649110465899 0.03432821766069315 0.05091182262014551 0.02468446139831103 0.04134368741544969 0.0197585407116727 0.00967711079392432 0.01050981445284014 0.002059239414891169 0.007760408579703031 0.008560082520673338 0.001326547998029354 0.001800471341821816 0.006705641735499229 0.004461719298333136 0.008802062832466095 0.00320026397206602 0.001916028107315678 -0.002425857730616787 -0.0009236703867554777 -0.001975710368836037 0.002048906642495168 0.00441384400679839 0.001804958877187941 0.003463837455193106 0.005255387455204479 0.003414611559649369 -0.000319251880537776 0.004353202065176535 0.005756197306399258 -0.00532272748377175 0.000755794170908884 -0.0009668906497981455 0.002419800549337895 0.01299937757975648 0.006059914465365205 0.01340605439465361 0.01132791409095753 0.01405706134557724 0.03189789290098161 0.02032447569932487 0.02907465226439554 0.01847088301506278 0.03672598144278101 0.03839526958247035 -0.02276699809989272 0.04739494664002255
 -0.02018503025697557 0.001588011071527754 0.003484145297069146 0.4236723751604431 0.3668133730316812 -0.05922229204983705 0.07614841695619645 0.08106744297028987 0.0310698881078825 0.05635247580769222 0.01710036476074926 0.04135265059516142 0.02778807273904579 0.01558185851195119 0.01431323147787902 0.002070150152274298 0.009088837572683663 0.01515456505014174 0.007558729580001974 0.002807156355950436 0.002748627054134687 0.0018937735053415 0.01346620992828244 -0.003523995591754806 0.00741453300741209 0.004303488544463852 0.0001498957585635306 0.002301703996825936 -0.0001924850140186489 -0.001155771335949125 0.001396365910087517 -0.003410922692023261 0.005411383413649989 0.004318250215711622 -0.0001405053824725523 -0.00292645709740349 0.0009909174754100644 0.003395871771126654 0.008500865786132373 0.007838586503621811 0.0110557245434459 0.01653400455524757 0.01121391990147264 0.02329940469496751 0.01447098158744016 0.02160647583074416 0.03693170781831695 0.02316701952376905 0.03223109240919356 0.0252686734508656 0.04376189591261752 0.04781962056942726 -0.006464583101980094 0.05567170707899826
 -0.01966674353974565 -0.0009635579721378405 0.002924658288036046 0.411908333686479 0.3781794960929242 -0.05480746030469002 0.07729813824411633 0.08342917345422306 0.03648123252477822 0.05002585994811379 0.01230970518428267 0.04064724195655792 0.01924997230576968 0.01309097029570394 0.01435983093117855 0.009168714866478966 0.008447231198470639 0.01092801042109188 0.008530949351021978 0.007440364750263401 0.006240514470320846 0.001767594802163439 0.010951006445573 0.004163916295051542 0.003995983265300344 -0.005230237461783797 0.002192850699395021 0.00364914500572475 -0.00354867127842248 -0.0005450563379906213 0.005293613665635319 0.002765864760443213 -0.000361964835587194 0.005384533120709661 -0.003174682453487304 0.006021081690385668 0.006081820480938202 -0.0005511339812627928 0.009062441198554901 0.001145138191085458 0.01072881806480188 0.02079696420734426 0.01622385921034232 0.01798009379495131 0.01311635445540715 0.01709606535370444 0.03955335105300857 0.02181008227700173 0.02642613131973926 0.03768101915265916 0.04397294027024901 0.05391566083000159 -0.008021902840721948 0.04863019208483875
