# Created by Octave 3.2.4, Thu Apr 14 17:48:46 2011 CDT <josh@hell>
# name: t
# type: scalar
1
# name: v
# type: matrix
# rows: 4
# columns: 11
 -0.7124744944606802 -0.03065417415623089 -0.05745233876500658 0.475839791220606 -0.1167106890052214 0.3277062445810615 0.2991244725144122 0.02059161018823788 0.2050705215447559 -0.1088230825353379 -0.03625400911295671
 -0.98600647731929 0.4077940794667266 0.4966290964912756 0.4554103384428611 0.3502083589759523 0.3194646225804357 0.2858763079470309 0.3574627301726995 0.2721629993399993 0.2680347033838082 0.3216322514130764
 1.211530332850341 -0.1629666568901161 -0.2244992504599502 -0.496641499289986 -0.08335042033949679 -0.3802879431348423 -0.340256758152457 -0.178739849707209 -0.214485125788069 -0.03101668011954811 -0.09404146548803896
 0.4828235606975141 -0.2081711130463902 -0.2085135812852364 -0.4342879559518711 -0.140445223767895 -0.2706297253530011 -0.2350028843642416 -0.1992048230571697 -0.2707888563289844 -0.1246883374853957 -0.1918749414190615
# name: w
# type: matrix
# rows: 10
# columns: 54
 -0.1984010805089633 0.2150038024658454 0.2402892561308054 1.079441490791561 0.8902484620886962 -0.1374356770225048 0.02383252857882898 -0.04991389190851692 -0.02500182934904498 -0.3097872890139192 -0.3282359399646345 -0.05656263130949063 0.01561840070526051 -0.01802864712981007 0.02897510366282221 0.03145932083982791 0.04093889535534203 0.05723079153379823 0.1124597369929879 0.05877659991494017 0.07387836519243966 0.08031282406558271 0.09247704180958981 0.1233364337328279 0.1131703609325733 0.1386127883353727 0.1549551441644563 0.1699808302014163 0.1537623549830439 0.1936303008674082 0.2326187670793264 0.1816586417242472 0.1898697740541184 0.1803062394904189 0.1666122665464475 0.144319132230179 0.1528226469902015 0.1281928369451731 0.1128408744723935 0.09776497273971894 0.08301171951324508 0.07555589394468674 0.05984501271102498 0.04102764056802276 0.02607263460414515 0.02217465991620365 -0.007037451901183592 0.007335361818736555 -0.1973679164689862 -0.005780960493208587 0.02901557589064062 -0.2713592194665659 -0.6309981947610807 -0.1610569964313225
 -0.2085109912348968 0.1623805445972361 0.1779873555609401 0.6892426199651435 0.8899391394217594 -0.1440788939282192 0.1038784405997207 0.008489164869778137 -0.01915083434910957 -0.185404118000686 -0.4592486854900987 -0.01346252201363287 0.02786393985315344 -0.01200075271811221 0.02579491456674025 0.03468608562765892 0.03167502213353379 0.03711116966416614 0.09204316021464372 0.05386242629676002 0.05185813063825871 0.01897021113869357 0.05958888875708793 0.07068662679958623 0.06700997479238149 0.1024321074118889 0.07165010902918775 0.1132643326329561 0.08979960500110686 0.1518115671766363 0.2002782516322916 0.1927790970756806 0.1724116615806639 0.1221407580382492 0.1370375352683042 0.134024635205794 0.1390065682557783 0.1162472323514805 0.1089840138060918 0.09432464201168497 0.0724594858004769 0.05364047148302831 0.0575581800715609 0.03711370373071208 0.0336018209449612 0.02440610985772045 0.002989692180153435 0.0180440809647657 -0.1035709443992612 0.002093251680739835 0.03104577178011214 -0.0959674422254069 -0.6770296014205081 -0.1670284189265328
 -0.106322492446124 0.2407263697924022 0.2330627911009313 1.301268328820211 1.531187060352815 -0.2661680534689575 -0.1063948954219327 0.06766989046461429 0.1252751906148126 -0.09586088739563803 -0.3613941243988368 -0.003778975053141253 0.007965044879940941 -0.02271060244377271 0.03102894736984594 0.03746604353007733 0.0310692437572273 0.04909739930954413 0.1121844346504117 0.06016104513348389 0.06136411660939824 0.07781200427667602 0.08280888394177396 0.1047166956268187 0.119733267345279 0.103398040331941 0.1329265787234988 0.0840361896023345 0.1952421297403154 0.1823240763210476 0.2196258068598404 0.1900178198606084 0.1769426453526453 0.1675561667677458 0.1456530577779132 0.1496267619405885 0.1165165271551456 0.1295920320384127 0.1023049002430954 0.09107677520276161 0.07956371381293555 0.1657955694383287 0.06370108211034496 0.05913252284018112 0.04865120911353447 0.03034537781729097 0.01544092549515072 0.0002816840790550877 -0.1989808695489599 0.01596486362283809 0.05204591855817995 -0.3265650405476381 -0.1411557131164499 -0.07392629600274994
 -0.2191492518749511 0.1559306314227706 0.1706147068215942 0.7743104063088612 0.8048616528714332 -0.1325444439299036 0.09972394694700483 0.01223176107891838 -0.01561870358824211 -0.2427248754215325 -0.5057076959570276 0.04596244543545887 0.02198863074194697 0.007855456592983845 0.02279008916422265 0.02782577054678717 0.03104836527828372 0.03984273134781419 0.1283991034190807 0.04889619334593304 0.04323496695427714 0.03631113267975776 0.0783917394951653 0.07341382108924419 0.06860217923138399 0.1114795354004316 0.07975551999510777 0.1135270975024304 0.1094977558194937 0.1657068304328668 0.1706044246865586 0.1644503079788687 0.1576383166127852 0.1236517323924161 0.136447351897439 0.1424279051568217 0.1289731705274706 0.1270030637615476 0.09547846845485639 0.08574718980938958 0.09060791206789101 0.01589150103788184 0.05602258038015757 0.03993682257791188 0.03711092963715192 0.02521937136198304 -0.003530531867561975 0.01841064450942903 -0.1466001133725797 -7.058210485236408e-05 0.03058071347684036 -0.1079315630855565 -0.576891130449689 -0.18348270305074
 -0.1327460616047055 0.2764270634236503 0.3039275422718 1.639250847797084 1.350848244550174 -0.2343034738782014 -0.1219447673351771 -0.03137360572500458 0.04293756547173537 -0.06535471411633449 -0.3360553412060661 -0.05468285243612847 0.01601487064924375 -0.04545675553387187 0.03246379371646418 0.03122258354133299 0.03838057213963162 0.07156171319080945 0.1162016753717741 0.07429650361875022 0.1125078756447487 0.08431730259486001 0.1228405996820003 0.1435550931262689 0.1562756979251133 0.1690185717518336 0.1655360562041219 0.2070502817908081 0.2089043348215967 0.2273821858872064 0.2431239609278784 0.2123363630341972 0.2368637737897623 0.2265066727441755 0.1743762797911546 0.1490670039389625 0.1267257242067852 0.1361760234796674 0.1208461032405494 0.1092890370171138 0.07967248951962591 0.1189632268903458 0.06090292046306073 0.05524062571849044 0.02867027678565961 0.02200587841839125 -0.008100463536708732 0.01521077586377765 -0.1834240310317643 -0.01091864358758039 0.03624198968971469 -0.2886108376700887 -0.4599214794526204 -0.1357101950184194
 -0.1333009654675426 0.2855509619713417 0.315822873678726 1.364359751290334 1.520478434178168 -0.2226382642290416 -0.08930666121837788 -0.01000236892116122 -0.03465418780548501 -0.1188292474519553 -0.4837842831623502 -0.07440976988421315 0.008008775508431636 -0.05496840747261114 0.02872568897443113 0.04229342915723267 0.03895420929988832 0.06884360985049565 0.1628662378034209 0.07220149505112544 0.06925888450635537 0.06936243675976506 0.1244404864731189 0.1511359536726906 0.1605502994054092 0.1775725337561865 0.1480129141676932 0.1962559929737048 0.1871774143645165 0.2412759031894476 0.2727295528749229 0.2534795309272512 0.2311771971828737 0.2654377913107871 0.1906148701524423 0.189132829165326 0.1587890871685073 0.1431408520429195 0.1280130844713444 0.09996097403919592 0.08779015118813933 0.07668098770403137 0.06894118510053182 0.04572873014766472 0.02362316399490416 0.02496346362613058 -0.03557383879542093 0.01171495775739916 -0.27313947416201 0.0006209858388275039 0.0330276139072567 -0.2413322947609624 -0.4003376531335147 -0.1342066839832522
