# Created by Octave 3.2.4, Thu Apr 14 16:59:21 2011 CDT <josh@hell>
# name: t
# type: scalar
1
# name: v
# type: matrix
# rows: 4
# columns: 11
 -0.3521058210965304 0.1697147933516213 0.16721029435397 0.4273128796925119 0.1640617768032997 0.3692218622364807 0.4011061307336025 0.1789503875217174 0.1960200477203551 0.1651055662725921 0.1554934333518465
 -0.8825552513104086 0.1271078885753748 0.1154286623038798 0.056967370343551 0.1168190539966172 0.081981922029167 0.08751574595784722 0.1046927266262391 0.09439372471540244 0.1075344948175447 0.1100759989873646
 1.482883928265784 -0.1995553659551972 -0.1697182686698959 -0.3563029909008487 -0.1714665703971296 -0.3360202936803868 -0.3467143556773811 -0.1797523981890761 -0.2025917060384614 -0.1583656731539834 -0.162898889956242
 -0.2523499340909565 -0.09126518059780976 -0.1067567620068708 -0.1276565847136047 -0.09971223453944802 -0.1189302919116079 -0.1321663830693234 -0.103781048362322 -0.09586252762959328 -0.1107677846926262 -0.1032087069899492
# name: w
# type: matrix
# rows: 10
# columns: 54
 -0.06132939269840889 0.08028786914992886 0.07228136088053692 0.9772299034018135 0.8377468230039675 -0.08397159089084302 0.05781875527497424 0.04014820824211 -0.03421057955129231 -0.0210205196115109 -0.06485703438401462 0.03721473295948802 0.03794362115689145 0.04227511866878924 0.04279520885009337 0.04104483811845662 0.05428590362592068 0.04667532710382798 0.05951218850380473 0.04599761690292874 0.0512503427413053 0.05272569236731097 0.04784287626657095 0.05351998487758088 0.04694693233902224 0.05239916641649437 0.04524036151489815 0.05672421530677103 0.06313917422423346 0.05296980720461911 0.07826314425104133 0.06704659615309667 0.07492398819857804 0.07237045589846484 0.06642544317268197 0.06551800693539635 0.05752826383875765 0.05934586710956555 0.05828827032045974 0.04679851408898879 0.04800347184055798 0.05525785373555638 0.04183840112850093 0.04179969804166027 0.03628961919215781 0.04314224775432911 0.03899589801708506 0.02454965601382663 -0.03015810959894497 0.02488415673888238 0.04972343750412288 -0.04179995973952094 -0.2051021637171724 -0.000982588995950627
 -0.04726023968968004 0.06756769940262181 0.05304483459353315 0.8529653586364682 0.7089264231564762 -0.1108939494903887 0.01612356369126545 0.0502258316801665 -0.02503774792689747 0.007184907742852446 -0.0005234913473036113 0.03229256345877173 0.03513958920800683 0.03765986940351076 0.03330977159463767 0.04353895573580244 0.0398305534252219 0.03233337177291992 0.04459466806545572 0.04078197320938085 0.03802018155679342 0.03302644302753192 0.03514420462877853 0.04300872923711378 0.0377278834236013 0.04586018544896887 0.03953448381387131 0.047716265671349 0.03435922656416754 0.0398925654122718 0.06311492613585401 0.05283746270122592 0.05267318820375171 0.04977386559502621 0.05125467570610252 0.05104061686448732 0.0466926379894456 0.04910732221407415 0.04328773431996695 0.04442417241342295 0.04139731372036956 0.04708849180828234 0.03437282119841679 0.03242332256077538 0.02989011199312451 0.03798810315895015 0.03128636680575387 0.02676454782694348 0.002528652632763546 0.02539085600116218 0.04556458398693917 -0.03439374350929841 -0.1536580033112745 -0.02032966556559938
 -0.06558994646501651 0.09419202194063135 0.07175017209739699 1.265112123228139 1.121337140658723 -0.2171177923199441 0.01286509564052539 0.07522648669514442 0.1476093643002056 0.05613028552515598 -0.1839745765201966 0.116870120954277 0.03508385340006327 0.0752751963566379 0.04799029499475507 0.04309801703683067 0.04082978257632294 0.04796823252699178 0.09954172687375616 0.05704044174154516 0.05263604461936103 0.05424124209377953 0.05000028189852128 0.05104775890060377 0.04675815158656409 0.05097794672896921 0.05262734768956424 0.03170077078077939 0.06586562180770268 0.05910839156756108 0.08787986444867939 0.09009207356604862 0.09480210123442133 0.08085846882316844 0.04502842315472105 0.07156576277961736 0.05549909851219803 0.06942219252623542 0.05802858572636251 0.06274766618107301 0.0534480191808728 0.06114111777444184 0.05162968186339163 0.05589905644661789 0.06173002729700177 0.04892122975488087 0.03487771491780091 0.0240083455148297 -0.09418552401118149 0.03707154482390008 0.0679099294932041 -0.2309990748671636 0.1366186608610149 0.006675174178107826
 -0.05044720756195199 0.0639876730397394 0.05468109189263264 0.8419011126900644 0.6972961351052209 -0.1093212734659466 0.01824170144530142 0.0489872364626863 -0.02266379349130292 0.005018485863586331 -0.005170677300737087 0.04420207361551495 0.03020288901940381 0.02908663860088598 0.03106762212361894 0.03450541047465028 0.04095344408626955 0.03375570739279034 0.04152254260868943 0.03427817011906902 0.03666195201903603 0.03809351703487871 0.03313170219098709 0.04617666104577977 0.03682478834030475 0.04441299970704073 0.04261540348595297 0.04088001621437005 0.03964067216393548 0.03954229907331346 0.06102025066755892 0.05833685084841556 0.05563379937919751 0.05652743863411067 0.04940600316209655 0.0523571701519212 0.04654461067671929 0.04081769113482527 0.04060190023204027 0.03346090576336266 0.03867801198870806 0.04903497627249098 0.02829048338857252 0.03057987613193923 0.02915690473965949 0.0338917064970173 0.03311301576862065 0.02495575453837479 0.005881183338089227 0.02573766338408223 0.04324257258516409 -0.03585035272106988 -0.1520978470211087 -0.01325668998161703
 -0.07023735414875376 0.09899441682815159 0.1030403925898872 1.221744283632855 1.176061831963368 -0.1355770075211522 0.1164710914075808 0.06203495370833986 0.02557881880133826 -0.03179850255371249 -0.2308468936605443 0.05402714954936953 0.04698281676992005 0.06769018747639156 0.05136627901434732 0.04216003509615227 0.05106918985060102 0.05858843672487347 0.08626317344576591 0.05639868947508762 0.06233558035319803 0.06451061669196342 0.055874967568488 0.06554344199975701 0.0647028415199781 0.06814651167788517 0.05876203579791071 0.07846068061120627 0.08712450154995111 0.06407872033114013 0.08978504847219627 0.1058605139967541 0.1217643386645719 0.08991996584277422 0.07119913293547052 0.08097472240185563 0.08078767124294067 0.07605753175046223 0.06780744216096049 0.07822837542821075 0.06076180945653886 0.05228393944779421 0.06184749237025047 0.05305435631235023 0.04941610928187035 0.04749946090021508 0.02801744382796385 0.03158724469787264 -0.01595489177534193 0.02883213505754804 0.06091682427446044 -0.08214040838565295 -0.08116913813356093 -0.06570290791126879
 -0.07796630319442888 0.08878693220939078 0.09545357810311715 1.248477214935766 1.098586196361877 -0.1412532156690024 0.1140108880610375 0.06048710601538845 -0.03220909076936675 0.003065952304572163 -0.1317429592748516 0.0374630148057259 0.03678301709763803 0.06630259053200228 0.05155374694737264 0.05176164299242204 0.05311965058475196 0.05862898481701781 0.0762361120015581 0.05497631707693792 0.06179630261547419 0.05994426684331269 0.05114739581496678 0.07186902626355267 0.06235302652222821 0.06529573764034823 0.06640251345387534 0.08680500472485027 0.07316293051097542 0.06264965482335341 0.126218682055773 0.09164316760370271 0.09696144959680915 0.1089356483897015 0.07108470301674814 0.07486011023690378 0.08266512566645801 0.07118788576683195 0.07427826256936076 0.06101908621179288 0.06148041208224621 0.0654737662006227 0.05689647165013927 0.04812799548380984 0.04845920758887189 0.04623776485013605 0.03087784081385285 0.02912186486569996 -0.07809797324196804 0.03949058986508901 0.06023790671829853 -0.07800685543289115 -0.1193460555762484 -0.05035293545712825
