# Created by Octave 3.2.4, Fri Apr 15 12:44:10 2011 CDT <josh@hell>
# name: t
# type: scalar
1
# name: v
# type: matrix
# rows: 4
# columns: 41
 0.5413672835849352 0.1624091338151391 0.1134139228320632 0.01521153428977948 0.125463382181079 0.1048488020142077 0.1027541455432462 0.1363850799881502 0.01309785367857646 0.03843116731528451 0.09926608007014175 0.03659472090505601 0.1390864677494759 0.02139206761982342 0.05342595507200336 0.03039135111773552 0.1010258952649069 0.03074309738279635 0.2393993146984686 0.08233749804356796 0.004446350333807171 -0.01969967145263404 0.1061537538192945 0.09121237026424554 0.00486817777950593 0.006116465582096147 0.03111055130213891 0.1074065767257597 0.07333186712066947 0.03880821025241324 0.05591929788842089 0.07578625158780221 0.2022156027291971 0.05989113738203372 0.07948615786050292 0.1420115427277262 0.1102821287053617 0.0147032525495796 -0.01569125891559548 0.05707397000809129 -0.0001136548027611643
 -0.2324068469424043 -0.05208252608195272 -0.05571152105933686 -0.07854274892399596 -0.05530410258808885 -0.05505839448395991 -0.05347385735212125 -0.05291845004910449 -0.0739841727539786 -0.06647966362743445 -0.06120238282557649 -0.06929750900968905 -0.05609819881544416 -0.06372995827882146 -0.06840648118101708 -0.07042378471486384 -0.05916764295794103 -0.06818406933081099 -0.04416068374743413 -0.06090608604755147 -0.0761577222259347 -0.07549826039716308 -0.06184035702670174 -0.05573478105400245 -0.07659336188994907 -0.07659070563214314 -0.06686404076724313 -0.05444121191213957 -0.06468283076751322 -0.06696942602603392 -0.06025904081217294 -0.05770910312921206 -0.05250217102599065 -0.06637099936520843 -0.06382120740160124 -0.05303893028909579 -0.06290739276478337 -0.06935429633270854 -0.07865810023703564 -0.06806178087813539 -0.07158977274301449
 -0.07685822457801748 -0.06498611011422041 -0.007978130029821989 0.1142205522432298 -0.01697374692303251 0.01408836828389445 0.002266851997400801 -0.03217620088403109 0.1178755329568604 0.08845105537446514 0.00985035238106707 0.08785034494500107 -0.02268832037552302 0.1010978612871519 0.07357297154044196 0.08979832329392735 0.008918402048604978 0.09111286138205733 -0.1299564869291756 0.02924127280280524 0.1242570902455423 0.1541983478431481 0.01026390010963242 0.01234661151109288 0.1281786817537262 0.114815114214685 0.09020344547948167 0.004570748239957475 0.03880166935975652 0.08315044894032189 0.05596941542586621 0.0327705458406338 -0.09417343516605058 0.05595244683296098 0.03413573132710773 -0.03448939906325693 0.002927134541186888 0.1142985723727854 0.1448419985734139 0.0582089489050199 0.1322674810772164
 -0.2325287232710802 -0.05388926980054999 -0.0483645329095931 -0.05174068424391363 -0.05708952020333017 -0.04650600923072157 -0.05422666441870402 -0.05746014187364184 -0.05046710539475583 -0.04938147524446064 -0.04779462774971061 -0.05210219074208353 -0.05697709012905869 -0.04810414249359832 -0.05350964220640557 -0.0535194802484335 -0.05134937701363111 -0.04860809832233324 -0.06420226199649502 -0.05162098471611265 -0.05321173454749192 -0.05745954413801885 -0.05727848413178774 -0.04998536171466154 -0.05731402992738022 -0.05338100163969537 -0.05252636492653438 -0.04969872282862244 -0.05355123743089754 -0.05040995723458408 -0.05333569762972396 -0.05365551504996903 -0.05922110230590366 -0.04791536635130499 -0.05000506821949542 -0.0590425622684722 -0.0498214705777673 -0.04866995189703706 -0.05933599793146233 -0.04926875330293964 -0.04881461944801806
# name: w
# type: matrix
# rows: 40
# columns: 54
 -0.005958411003556223 0.004213205381116043 -0.0003323937912902803 0.04636272471640828 2.898388644728689e-05 -0.00607602374609999 0.03189519341524329 0.01157558220955177 0.001828725218018664 -0.00472970597703018 0.002365220625567381 0.003364923168369021 -0.004000152262177955 -0.004336364844703158 0.001425583091376394 0.001707776732464926 0.001771638941256852 0.002776126214671099 0.004302694133850699 0.003017441937318338 -0.003827332328994963 -0.004533589207224588 -0.002436322497702538 0.0008527156841050152 0.0009083333116545485 0.002475324331969984 -0.0006884227872371294 0.002790486351985368 -0.0001222583957887453 0.00186424296695535 -0.002772322217655595 0.002637573292840259 -0.00307865826828812 0.00452127442228829 0.002836605076989396 0.00393822175685943 0.001355235127622822 -0.005534121504656705 0.004971512456843071 0.00404791986353006 -0.0008869941371162903 0.001876983809382185 -0.003884005806536792 -0.003647675907319078 -0.004799176586243369 0.0009231189224447714 -0.004978028631585554 0.0001480591661340591 -0.01536592500644201 -0.001868830085105606 -0.001825326520099594 -0.01028017510111557 0.01572478212172867 0.01707748096656645
 -0.01227758439090677 -0.001787870430333481 -0.002327792698354262 0.018332673295587 -0.07879072959592874 0.007786069547510371 0.02293581156453337 -0.001091926502123409 -0.001935545153943738 -0.007971891509723808 -0.0005105281651250526 -0.003119948038528592 0.001357069966071053 -0.006240574844094433 0.0001440450168139579 -0.00261590395666327 -0.003671717538929141 0.002420622632775296 0.004536589714793774 -0.0009052354772010391 -0.004146127435337454 -0.0003596193185570034 -0.003844010321896023 -0.004674183030863385 -0.002171127583934529 -0.0005372316126662978 -0.001918168156119379 -0.001035866289385001 -0.002981679175364683 -0.000883638200255524 0.004009982370400885 0.001859750544421259 0.0004711899113438942 0.003315589600864768 -0.0005503514458270457 -0.003257112451533433 0.001902264513668707 -0.0001480406360663684 0.0006584985634202291 0.001761183885894949 -0.004166348999512189 -0.0006318022521196363 0.004857325158107726 -0.002871095775502529 -0.006824258669566586 0.0003100669780488162 -0.005260298397269181 -0.002493013634072736 -0.02017351081387361 -0.01164779656710444 -0.004480387071686223 -0.009870352513775979 -0.007986855904360542 -0.01265442388032935
 -0.0236161917687028 0.002988014850523797 0.002415333079168982 -0.1341581299745494 -0.2275635883825783 0.01538126980694939 -0.02650019087944751 -0.02662357765737618 0.004974146136292339 -0.006758848905621739 -0.01752939711503184 -0.02473886534058049 -0.008361242342122505 -0.009871477240862913 -0.007136496381103525 -0.004172085888207007 -0.006059854382879102 0.002776330680498804 0.002199762852447837 -0.00124006481542544 0.0004173738485789187 -0.004706962212717732 0.003883656535017068 0.0008862404719175562 -0.0004591421726687447 -4.311612735890806e-05 0.004664600682484508 -0.0009616582899036625 -0.004499426696356221 0.001245505756187615 0.005324918916553388 -0.004216620910348324 0.002565676099794586 -0.00296814441060415 0.004460150197541135 -0.003275083731652592 -0.000735996289569542 -0.001433423400719265 -0.001761716366813759 -0.004164246942140051 -0.002040619239603939 0.001598631746548846 -0.001264308034530049 0.00286352527411828 -0.005457207114136609 -0.009244834462101097 -0.01599783351471136 -0.01428060955160388 -0.01587453706210166 -0.02054454372690178 -0.02066675432758706 -0.01697107025134202 -0.04704584456749908 -0.07373469683303044
