# Created by Octave 3.2.4, Fri Apr 15 13:37:32 2011 CDT <josh@hell>
# name: t
# type: scalar
1
# name: v
# type: matrix
# rows: 4
# columns: 41
 0.7658291635085155 -0.2234178695799877 0.2469442466309801 -0.09284469588245703 0.2148304437910952 0.2851030964901715 0.2425186111120417 0.2614746938789335 -0.148728501701919 -0.1429538935427962 0.2808031298662328 -0.1603561143252277 0.3035013120532255 -0.1187548616447081 0.07692479578426172 -0.1926324166214555 0.2776938227367171 -0.1945528214973036 0.1327576221342805 0.2828463165589733 -0.108092055756443 -0.2154787176113117 0.273458436863851 0.2806624698533585 -0.1191741477860985 -0.1931304135553716 -0.1897008028315891 0.2955982564851821 0.254247146267194 -0.08102255053346376 0.149076423754156 0.2799804422148455 0.1990994452571556 0.1715946930320814 0.2807230500374721 0.007493915805217452 0.2546995959573475 -0.1918993957909982 -0.1386106434347044 0.1610604320255084 -0.119135618567379
 -0.1265678292078684 0.7971185764336874 -0.01000289553373013 -0.2296992470331815 0.02104466510347449 -0.1127651895661473 -0.0336699657708797 0.04721354290922994 -0.2309708217057923 -0.1750204361926321 -0.1217484537656242 -0.1706887489152694 -0.001271457560140361 -0.1335531893351607 -0.2328496590769022 -0.1527784508421379 -0.1156952267206935 -0.1470311055943995 0.4642438963219662 -0.1729358629773497 -0.270112777015253 -0.4049591604399788 -0.112745955999326 -0.128464491609485 -0.2796311569183238 -0.1889321396453986 -0.1491776876862118 -0.0975718896019655 -0.210856578124141 -0.1920203399160303 -0.2281928119779645 -0.1868987714154092 0.8190267270303681 -0.2359825303282947 -0.1938699616034402 0.4110576075111237 -0.01185074308899062 -0.2631010110248326 -0.3193493494993223 -0.2367717682658276 -0.2947847820026704
 -0.2962350440145065 -0.299853629308844 0.04762165887258475 -0.05975246069425866 0.09737648183058263 0.247874596164501 0.1261767702900187 0.1327773739735951 0.06597742255900349 0.02644144913998914 0.2440696139517717 -0.0002411983375189815 0.134143254658632 -0.1878560748361176 0.3549126054691727 -0.05670016594691619 0.2421857487799538 -0.06174391902474614 -0.3633708234508044 0.2580756801129891 0.07676047811914147 0.3462898406305699 0.2456373799610846 0.2396584193599506 0.1234075757328492 -0.03246426263613447 -0.0627609504135329 0.2286769373024036 0.2945542856517927 0.2603197844061734 0.3493268769635572 0.2678957827775835 -0.5926316894497736 0.3464132891897605 0.2716378826677938 -0.006574548460726173 0.01916847790103947 -0.01033242110085104 0.2127333356836256 0.3388456392100399 0.205552367487702
 -0.3434528014927075 -0.2823958497264392 -0.2832032711365228 0.3814450569749976 -0.337155578258525 -0.4028397365051058 -0.3377049398613592 -0.4476353235803854 0.3202440093354106 0.3025539644132942 -0.4030048681764583 0.3343314276763007 -0.4330502507222665 0.450819953950542 -0.19390493895151 0.398357442858875 -0.4047570674540379 0.4083916372281591 -0.2325508129800788 -0.3689344336119028 0.3007783384584782 0.2756889092760527 -0.4090510480551728 -0.3940175585971502 0.2745371966874757 0.4054866883618478 0.4035630320191769 -0.4188659139606652 -0.3440453855128305 0.01730238197543764 -0.271916513867359 -0.3637852743277651 -0.4291755886064978 -0.2804682333950655 -0.3586953575353112 -0.4165363237487146 -0.2615369308653987 0.4763104046093014 0.2363832987397214 -0.2651819182376848 0.2201174671657696
# name: w
# type: matrix
# rows: 40
# columns: 54
 -0.06135876790740367 0.06959258845521497 0.06706461419380812 0.6404648245403678 0.7951435110372538 -0.1294223445598647 0.08978399675540055 -0.1393707905943746 -0.07148706317378876 0.01355874399731488 0.03366462115500891 -0.03716641737367699 0.01210685820943073 -0.002028727511554163 0.01581590063261498 0.01999678680795625 0.02178921393625077 0.02793233504133071 0.0369826966375069 0.02714989650413787 0.03382102301252457 0.03417824360987951 0.03002548973822557 0.04398139048150024 0.04059299620252332 0.05231911895695171 0.06720842977698163 0.0881510949285202 0.06654010638807561 0.07342463266461928 0.1269033453154478 0.04559346310174613 0.117195443580377 0.1023019155801313 0.08929045525445402 0.07930765976995477 0.06522643917864446 0.07281932627444392 0.06406639968050964 0.06821185399239608 0.04700157944478917 0.04575162778900869 0.04073859447691572 0.02383334154262376 0.02848506625533632 0.02671935598756197 0.02058175088985235 0.01221648543411064 0.06042611293603384 -0.1248119418199117 -0.03929608175473337 0.03753702308527042 -0.01937894731609455 -0.2618652223020945
 0.06519659273653138 0.03164952211126457 0.03039519672024447 -0.07613658074149342 -0.1857815702904213 -0.08985604815038983 -0.4471466755279749 -0.113776827811558 -0.05642294590260508 0.001818116204326117 0.008072826645873521 -0.03610329060321078 0.01179234241619763 0.006704054277405861 0.01148672860066066 0.0154875599501044 0.01120461405780149 0.02343699419691684 0.005932107527501645 0.02911633722863766 0.02818808185547506 0.03090243063888577 0.02787571635209162 0.02166886517506357 0.06602767255843094 0.03680063736253287 0.04603313266035552 0.05753446903110378 0.02906320758645932 0.03717641552512188 -0.0193521457803605 0.002177213244237326 0.0007489913336192278 -0.001023341821997249 -0.02340421236607923 -0.0197514455105801 -0.01519644072767879 -0.009526122128215164 -0.02595361540806464 -0.01584970525512603 -0.01995448792769684 0.000178339581625659 -0.01816058597162388 -0.01433799696997019 -0.01822729147777028 -0.01095698304609586 -0.007376177013099391 0.003643669291686229 -0.02522519418398245 0.1360159397936149 -0.04963782107264628 0.008654206364751376 -0.01274640967786776 -0.05832201087020026
 -0.1286083136349961 -0.186845760077147 -0.1833307022106828 -0.6459579328236666 -0.7686013127794002 0.08222147480784676 0.5964391937765543 0.1991648447824138 0.3028537237893952 -0.01766352503467688 -0.02225964846176155 0.1044030210884905 -0.01836313717669466 0.008542126587889401 -0.0252510677234542 -0.02812067739791178 -0.03992782622841423 -0.04452703475650104 -0.06055623814407075 -0.07250970645627523 -0.08087687175627868 -0.109112523570237 -0.09385191472387179 -0.1064950252231939 -0.1009961071313284 -0.1222304418616147 -0.1459214461301124 -0.1960378513745013 -0.1883006656800273 -0.188982018599504 -0.1536039588980316 -0.1150634212673427 -0.1164152229719347 -0.1257116770265451 -0.1003013120710704 -0.09853382517360812 -0.08735193958931151 -0.08240860276088573 -0.06723160107131056 -0.06862550127238048 -0.05417340040580111 -0.1043551012890084 -0.03668042936668971 -0.02350589550869599 -0.02895589994192243 -0.02406876602721249 -0.0658867891662776 -0.02531221702334222 0.1894878613115704 0.33204164814114 0.2495206484462864 0.05430854161526528 0.03628539556835338 -0.08361541186065603
 0.05283438808329964 0.04110637680306619 0.02816671491530569 0.2097256238248981 -0.266034795000234 -0.1338497916690757 -0.3993025295703779 -0.135043117152994 -0.03263452882080372 0.00909697837364846 0.01363644185233151 -0.02184076550013172 0.003713849207153771 0.0212452247058928 0.009968659915010182 0.01493512326120083 0.0194653916329855 0.02386393749379762 0.1000448119694584 0.03478587033959415 0.03481844836538867 0.0340606214385578 0.03674480956144439 0.04049194989381706 0.06370028133803389 0.06596019984078906 0.06626925989654166 0.05598761529392607 0.03972933368611611 0.07210569525567823 -0.02318393909314672 -0.009489819542167112 -0.007468854362428858 0.007172398458886189 -0.02885242196552254 -0.0155911115279421 -0.01021843425991229 -0.003604898796115947 -0.01346094828508681 -0.02012370236058937 -0.01669715660949793 -0.008134035494907044 -0.02052900494914415 -0.01272327472923847 -0.009167842632402039 -0.01339994654792737 -0.0131659013516289 0.008947713926366277 -0.05635136135925429 0.1147819323910052 -0.02205725821416021 0.0004437318105818217 0.0002386656913514853 -0.1103185188211783
