# Created by Octave 3.2.4, Fri Apr 15 13:03:50 2011 CDT <josh@hell>
# name: t
# type: scalar
1
# name: v
# type: matrix
# rows: 4
# columns: 41
 0.7372561848224187 0.04997608602902593 0.1846848585436727 -0.08630923376727587 0.1926208214324566 0.1697242864071865 0.1731890039400053 0.158199462735138 -0.09973081770366395 -0.04352906133192223 0.1629392119498617 -0.04850685298242254 0.1827697021181445 -0.05123583334727329 0.02627302901810407 -0.05977137664703074 0.1647748503836994 -0.06194877078111245 0.4069410081892665 0.1261313080240942 -0.1068389026394921 -0.1460062253521935 0.1666851105281128 0.1493612700824808 -0.1008852831371803 -0.1091022508732225 -0.06051158290494108 0.1751051251050924 0.1007878394149674 -0.0279356873782887 0.05266344796858081 0.1122848515361871 0.2678447422119882 0.06313348941787918 0.1151294713199472 0.08946133518316546 0.180743996307993 -0.08909286361313636 -0.1425700990838595 0.05611260900721923 -0.09884303547403252
 -0.1946420115417152 0.4213385641578357 -0.07500035710148578 -0.1148562429354108 -0.04842784562264827 -0.09667998271388656 -0.08628301154553319 0.01267192272475402 -0.106917384849902 -0.1250112847875169 -0.1033670317688422 -0.1262631240471047 -0.01819242049727039 -0.1112748242874133 -0.1335236525128046 -0.1217903004912759 -0.09951260101965845 -0.1178088698748997 0.2441990186607781 -0.1202664010660004 -0.1020551147516007 -0.1992000809543411 -0.1009935705658485 -0.1032125594346935 -0.1013999511261237 -0.1079807871011574 -0.1180375640305589 -0.08905419306574355 -0.1290533763258038 -0.1315270358361802 -0.1249538194991512 -0.1201388149802647 0.2983015933739653 -0.1324261886525552 -0.1262266610491128 0.1047248656933494 -0.09233416894087901 -0.1053140361827487 -0.1572849390727079 -0.1338702969694224 -0.1066980112169964
 -0.02894188043392387 -0.2317106213348508 0.07933370633556523 0.1555229635176565 0.04544878308808925 0.1194736918313582 0.09829737673232555 0.01011542286526429 0.1688944322467921 0.07500227474926657 0.1158776360351187 0.07133716489086595 0.02658190384420863 0.09720905000600995 0.1417371659202585 0.05877043612591754 0.1125931927947736 0.05964011709906175 -0.3566688354605421 0.1426686891121752 0.1692600395995048 0.3633634812184902 0.1171131990410198 0.1225089377329476 0.1517176361450609 0.169975401787194 0.05974342676855498 0.1049182949025368 0.1535597883546596 0.08841567990582433 0.1590735296446987 0.1505950220625468 -0.2920277450649239 0.1610979786418792 0.1516768544795846 -0.005712915640656449 0.09588840134070502 0.1558273262169423 0.269845667777623 0.1536510107134338 0.1670559033464476
 -0.5140988040533466 -0.2481528010335947 -0.1876584689444407 0.04479116655012998 -0.1935457464312704 -0.1751452289412374 -0.1878828933569763 -0.1871565211437835 0.04427587879347625 0.1045591551880273 -0.1753303943402166 0.106478178236946 -0.1878363270356325 0.07595743576323229 -0.02940373920053539 0.1190376504607548 -0.1784281648168748 0.12518131466866 -0.2933913093641392 -0.14948189598756 0.03896796159751077 -0.01661630305662343 -0.1855059262328471 -0.1708188093740605 0.04970706583414573 0.03806750871212881 0.1207293112547882 -0.1831318367169303 -0.1313947831618081 0.07562631924076141 -0.08848918324173809 -0.1455488793692142 -0.2777996962897778 -0.09024806090872205 -0.1407840511839049 -0.1930326341289573 -0.1838178288038208 0.04955715027156276 0.02116601186826474 -0.07794093801919443 0.05023457742800442
# name: w
# type: matrix
# rows: 40
# columns: 54
 -0.007626909104798492 0.02134363361820913 0.01788277814696443 0.4989777996120163 0.401644720588248 -0.1133574619913226 -0.004734388134623392 0.02896343078503052 0.03505251682196079 0.03138714743998969 0.04413169299667865 0.01465879691544741 0.01485748967879062 0.02118936093443628 0.01749225355772123 0.02229293782466211 0.02001617277202566 0.02282001984517744 0.04025099031108068 0.0198764334694422 0.01423696097533995 0.01639265476002403 0.01295901045009381 0.01485002412028368 0.01255296934520748 0.01809625600309607 0.00552936684738231 0.02189780298415988 0.01804312600927057 0.02291947997933585 0.01007035737748134 0.01295016887432264 0.0009433615510659565 0.01715705952352197 0.01173438170371895 0.01566883711128662 0.01641015321343838 0.014172875971216 0.01570046928232774 0.02305483591280412 0.01626574476911916 0.02408529638424389 0.01714036012424635 0.0218281548169366 0.01726022150751772 0.01570343082911247 0.01426180579855546 0.02304588327919642 0.02343228022069387 0.02402201940060747 -0.07106396240432032 0.06793332653992409 0.05326154312948914 -0.0005005129418952033
 -0.00574169206520559 0.001028569824932695 0.000312101499511867 0.1262443255680174 -0.1242381823919094 -0.05780840625403448 -0.01027767475917336 0.01003828696037193 0.009888471071271178 0.004237434746652937 0.0145723489099249 -0.002444014465313229 0.01047340039770933 -0.0008606013169202841 0.00340351759989408 0.001060577089188297 0.0004249104927653319 0.00804634001980804 0.01103438514612235 0.002570828630069594 0.002316461546305504 0.005937665481953926 0.0004171628972397876 0.0002879558231289341 0.002781865088665458 0.00491446249171306 0.001539017008335545 0.002111305341002455 0.00015549684334491 0.003244825557379221 0.006241807628403582 0.002369934875903163 0.0005701659218447355 0.00435899132041843 -0.0007666982868971628 -0.01049747897244171 0.0006425327144604935 -0.005973489414607957 0.0004107902641167845 -0.00999157257243498 -0.01536341292106696 -0.0005466178901523148 0.003301971562897067 0.002940492457329458 -0.003425596988752664 -0.00289778839633961 -0.02006934258429305 0.001007028321364975 0.003612969159244216 -0.01700410747639751 -0.01274748911177505 0.03927121749975434 0.009927481198351613 -0.09732893278920542
 -0.04831489273754479 -0.02858796283548912 -0.04255535146041124 -0.6146676656316614 -0.6925647522220074 0.1005313993564602 0.001769965122571208 0.05265497016467797 0.07577781997098784 -0.04047252432041074 -0.05427685693540115 -0.03216817591037097 -0.03387314468605412 -0.02544531005235411 -0.0395337474821367 -0.03402522802747252 -0.03835842959411503 -0.02988397940252488 -0.03228312477813396 -0.03533377372641348 -0.03293692724476948 -0.0383794128352966 -0.02975845228012719 -0.03382054928769812 -0.02712748249042043 -0.0292064894166874 -0.01959391594609023 -0.03104382329154722 -0.03986863132576161 -0.03036112367978908 -0.01593907756762979 -0.02105997683421956 -0.001666524348181487 -0.0291629151698144 -0.01869626987320342 -0.03156845880235484 -0.02174695801294821 -0.03351020056047004 -0.02826074617379034 -0.0286486693319568 -0.03552047265412304 -0.06130130806842316 -0.03271559205072205 -0.02942638352572755 -0.03839396551338986 -0.03874819475705532 -0.05557660770854966 -0.04009941462587099 0.0007300780098881621 0.005521555701960997 0.02517244378515173 -0.03128004358853651 -0.04717836129253864 -0.0558196048397852
 -0.006383782543384215 0.004836081878326664 -0.000927103265958036 0.1465348343881126 -0.1137698773553846 -0.08006838252567332 -0.009727011075766172 0.02935566150356319 0.01116842098254141 0.009666392470155665 0.02114691274519091 -0.005876748642024329 0.002705946695107309 0.008820654831626785 -5.313725977359817e-05 9.337531101547687e-05 0.007427727650817428 0.001948838396366755 0.01254027237862632 0.006369859783775405 0.004275156378001955 0.006949290062489104 0.003134974317687484 0.008820071148395552 0.004936439639591987 0.008787481446766486 0.003658143672584508 0.001558527036191984 -0.001616535757873838 0.008792354049954517 0.006840510893687739 8.855518670081591e-05 0.004985413653834861 -0.001114580991202281 -0.004929057376940056 -0.005382719806987571 0.000885800176034995 -0.002690481756161401 0.004122585197882561 -0.01764905093084892 -0.01334498647881509 -0.001939669841832129 0.002467158613075566 0.007368192768239776 0.005369900861131148 -0.0053651217747626 -0.01882029432439886 0.005590447598538538 0.0193961628783176 -0.0126319542523085 -0.0192881403705234 0.05278856936793271 0.01824999977001376 -0.1265924918585555
