# Created by Octave 3.2.4, Fri Apr 15 02:44:43 2011 CDT <josh@hell>
# name: t
# type: scalar
4
# name: v
# type: matrix
# rows: 4
# columns: 11
 -0.09040208981233883 0.02432298238596653 -0.001654355588318208 -0.0169983518169186 0.04269180528937796 0.009584517593783065 0.04278120804259503 0.001220945573477011 0.008420979560906962 -0.1128512537231169 0.02962027541873083
 0.3100043051028881 0.01720737030883812 -0.05699943910917431 -0.06868074329293855 0.203894374967025 -0.02383122389602517 0.207861372614503 -0.0576261619517185 -0.01811069039316941 -0.2580264270401036 0.06972464467695412
 -0.3417079134744119 0.001892925099072276 0.02938598602359299 0.03242938814332607 -0.0760784230759551 0.01484272959637825 -0.07953036771157744 0.02263242105245709 0.01708605935271511 0.04091827926557373 -0.01298281195442397
 0.1220488258187114 -0.04489311993948968 0.03386561433508183 0.05882411925156293 -0.1784983424256172 -0.002703695142050407 -0.1712694164968107 0.03492062318570818 -0.01476373644536792 0.3243385418658876 -0.0868339415766156
# name: w
# type: matrix
# rows: 10
# columns: 152
 -0.01671937184855943 -0.002589799810067474 -0.003229397335913987 0.1346883909701882 -0.08631348187547282 -0.004557730054373579 -0.007451016734921673 0.001172197938434473 -0.003871074253468103 -0.007422059580402204 0.001388140837774388 0.002410236872298077 -0.004290247484246396 -0.002458670116348045 -0.004054072521062812 -0.004590532702118059 -0.00511967587823444 0.000816333738889403 0.0002821980392557201 -0.003314529760433779 6.092730517988853e-05 -0.004671011311845391 0.003354354481263791 -0.00346400626021529 4.715024530779118e-05 0.001678415750330105 0.003501557375363707 -0.004886473034986706 -0.004870040164223695 -0.004916518494871043 -0.001387431186505444 0.0004110541284015957 -0.001830470335721501 -0.002003380982414882 0.004848822864481945 -0.000254079530106921 -0.0001344616197539633 -0.003653923022200469 -0.002032206643483012 -0.0007478441587144251 -0.004290624303873714 0.002342470602623531 0.0003058785462599964 -0.004151895426738273 -0.0001671005191663048 -0.006325141081756627 0.001549848537558182 0.001931179421855337 -0.001068856718973804 0.004630312398389296 -0.002084355561299855 0.003186686513416974 -0.003397521430813605 -0.005218890839561428 0.001569927431878738 -0.0006007365285411805 -0.006711898439379944 -0.002318844177162761 -0.003840180319390819 -0.002917478849387662 -0.00443323948664457 0.003503771321546586 -0.004845699232311932 -0.001682996461957652 0.002855175519501573 -0.004695986996166106 7.668789109009687e-05 0.003398759511356764 -0.002805628710425697 -0.00253790398314764 0.0001535486144342924 0.001214397385197537 0.003223483008207235 0.004541058049671711 0.004331115816706321 -0.00194137087203762 -0.001436658641939056 -0.002167246804880311 -0.001441149939162537 -0.001295866102928649 0.001662492194362953 0.003743391068000645 -0.00330604481452945 0.004024002228917662 -0.003160725405723083 -0.0004350599559682346 0.001568850537853054 0.0002718492100934326 0.004143182690904927 0.001450509925219966 0.004616303124312059 0.004300495147469451 0.002036468077204612 -0.003419296319376293 -0.003899263303750119 -0.00350126552744688 -0.003165122457729343 -0.002555053599017861 0.001787676623873312 0.001611901511916759 -0.0008762833089529564 -0.003573933768376205 -0.006158766918928389 -0.007291165036795996 -0.002141461078750212 0.009799717789888506 0.002501077264439909 0.003739864846697678 0.001702367137867342 0.003559492211739011 -0.001520674512702766 0.005440341285534929 0.005102721289764854 0.001624937751843178 0.002575915097309849 -0.002287729823398087 0.00374333507563533 -0.0001707079611150582 0.004806796047777329 -0.002491172877603094 0.001730483614617298 0.0006675669821236553 0.002011181092835929 0.004420956675323834 0.004514587614425093 0.002161872795956939 0.004909920037871691 -0.002700388863014777 0.0008961594195070428 0.003616106277514386 -0.003662569633290757 -0.002906694820421951 -0.0009516105169329002 -0.0002221241266111056 -0.003789338291465422 -0.00358446758815423 -0.003865964017813181 0.0006119448373411229 0.002784266053656795 -0.007602188688813842 0.000492461980648094 0.0002009503228999356 0.0003162186047605187 -0.003046035679907849 -0.0003691701945263292 -0.004689604383756442 0.001010666494849893 -0.003576450002789185 -0.008737206895049046 -0.00456436664196047 0.00118990610640605 -0.01555766670207992
 -0.009546932069623947 -0.003203218648393534 -0.0008419145213135376 0.05680846765207839 -0.1617401853001971 -0.001083321060849144 -0.003452471921105563 0.0006169284655723459 -0.007654530944368672 -0.001648616619161951 0.004710041222080994 0.005117506567249356 0.002460751826377581 -0.001644284001148838 0.003222900138097664 -0.005936024382839802 -0.005694380201556441 -0.004545065754548292 -0.006175318161072909 0.0003726178993686664 0.0002463011675296747 -0.003018369539918269 0.004362306284634024 0.002600713694033414 -0.002965780792959885 -0.0008551878335604743 -0.0007453965948847813 -0.001295181536653218 -0.003891608850269827 -0.003306429834720533 -0.00196389333291869 0.002786573268235845 0.001506834299079842 0.000376540626959802 0.002602259285936088 -0.004923284981457066 -0.003967368999226097 -0.001487264583041305 -0.0003064327949367812 -0.002527330840793381 -0.00158001220525433 -0.000284594203100819 -0.005426768072060864 -0.001333713916298443 0.001172736501754735 -0.002822972713343513 -0.004551433869175149 -0.003150700888131233 0.002415431677131466 -0.003207099883989081 -0.006508806418088018 -0.004824486611401849 -0.002565833847068936 -0.007053899152343387 -0.00563278170562921 -0.005312894597297877 -0.001539953590583104 0.001830801389837378 -0.0009622675437711333 -0.0008173577735024863 0.0003120345232782407 -0.0004775704822207955 -0.004975734889288414 -0.0009702605511978861 0.002384913145332969 -0.003912415532115373 0.003124929369263828 -0.0003246536279048011 -0.004490481814744251 0.001272194647874256 0.0007755291844008899 0.003816660032121448 0.0008824133510984881 0.002952237396337773 -0.002157206369296387 -0.002416088837008442 0.002889599627098772 0.004731732730817164 -0.002804069557186467 -0.004215556894683541 0.003572324878677352 -0.004217943956317028 -0.001955893967958654 0.001994428928988402 -0.002128959798402724 0.003889423083605683 -0.00141135802657851 -0.002109823393248971 0.004241075200112934 -0.0006272843350677875 -0.001216087961305902 0.0002022842432969565 -0.003712676501163004 -0.003290588948455828 0.0005398933064007889 0.00253050431625655 -0.003633068060774714 0.0002363101523624214 0.001957612062384242 0.0006812011080144662 -0.006432869381181148 -0.0006138798022272605 0.002811300902236046 -0.008695545885076048 -0.006397760336167572 0.004839988837556798 0.001418650147971282 -0.0008850618501750866 -0.00320481055678112 0.002102960082405013 0.001916148152538121 0.002520421535547627 -0.004568436642882734 -0.003118757593223677 0.004666250309478667 0.0006473688057043293 0.005250205663391002 -0.004220388520655903 -0.001756818769371126 -0.004334107151219157 -0.001325799763138357 0.004753639573767636 0.002297997130338553 0.01120231277597394 0.000406033729614519 -0.0005194718932323667 -0.001314657343597581 -0.004014519867911079 -0.00300636930435785 -0.001301145795485175 0.003966112609109963 -0.0008126085250449872 -0.0003143458772674813 0.003795781893240811 0.004217178604547634 -0.0002463901494867645 0.001366381238220724 -0.003725696142939868 -0.004879170719985955 -0.009125772279394199 0.004654710733019735 -0.004402885942995802 -0.001868077719787408 0.002397939684196429 -0.004157825954721176 -0.001875846858705183 -0.003595656479792083 -0.003720406277696307 -0.006639915658261852 -0.00405904717165239 0.001239752373233224 -0.01550758034793497
