# Created by Octave 3.2.4, Fri Apr 15 05:05:04 2011 CDT <josh@hell>
# name: t
# type: scalar
4
# name: v
# type: matrix
# rows: 4
# columns: 11
 0.2826457523945599 0.27846031675432 0.08826663224918721 -0.2641542831493359 0.7411763019807786 0.3558727031564857 0.552791936318819 0.1148435418638341 0.3437719013770356 -0.6664896137578462 0.2334881149048532
 -0.4353441228385999 0.107379312673734 -0.5169073135047929 -0.5342153841524105 0.3937186960857137 -0.07898911358331541 0.3759023083998991 -0.5519972380744894 -0.05925695202158222 -0.732948994550116 0.3641565152745239
 0.3438926932125392 0.1289276678480717 0.3435902241860245 0.4126277941560976 -0.5580910161801277 0.3319772198817098 -0.3851588246953419 0.4055125500449667 0.343532072553086 0.9637225994150013 0.02994946670683445
 -0.1912511951336507 -0.5162371394217377 0.08964826273076411 0.3913162854306816 -0.5847945671315349 -0.6109684813027952 -0.543692623574664 0.03278897402561202 -0.635414409833452 0.4300951492611989 -0.6280659303215647
# name: w
# type: matrix
# rows: 10
# columns: 152
 0.2934148114649174 0.05329697477851222 0.05489212705562942 1.010047763640917 0.222393286181541 -0.01960078564524336 -0.09258690038122706 -0.01585563883057016 0.06098975924078086 -0.029013626102252 -0.01367471023044321 -0.01931687762862656 -0.01761859846028419 -0.01707198190260302 -0.01781356753262055 -0.03518352360012057 -0.02278626031094666 -0.02974280412665276 -0.03979626163425337 -0.03176469112070036 -0.05024700644353038 -0.03718257762985718 -0.03906304980736525 -0.03499729485373602 -0.03398950243958181 -0.02770956253698464 -0.0254343714071625 -0.02776572769322842 -0.02638927164961415 -0.02306412569470755 -0.02569993342138046 0.003837923141763927 0.01716075174134728 -0.0142622511367064 0.0189919532073951 0.009091108349356844 0.02174606455059232 0.009887966944930606 0.009428236984027451 0.01209426280375974 0.01244332261108704 0.009240377070683571 0.006220773631547061 0.007125696308982027 0.004013605434251554 -0.002321398650932594 0.005028523691724033 0.004140432811871124 0.001528034626682504 0.00149056990219814 0.003680612846390903 0.005816474711030206 -0.001877662415886533 -0.006483580012539479 0.08561728066134459 0.202078580560349 0.03072107368798229 0.04958682607207392 -0.003376593011717849 0.0004349623152359505 -0.00943823107805346 0.01390996387594864 -0.004480081082118401 -0.02094091833757668 -0.008782818050479896 -0.01604422030243225 -0.02557287494926542 -0.02984081186532371 -0.026947985635175 -0.02732554560958476 -0.04148798868588949 -0.03754726001590627 -0.03561705062371846 -0.03194071196306313 -0.0341302925727862 -0.02101188730651628 -0.03619827564095746 -0.02327136085336521 -0.009720706030089291 0.000224265463593427 0.02374319396634896 -0.005419183424800319 0.01478797671613078 0.02113195572645466 0.01604901314338408 0.01175603595231736 0.01559441830971628 0.01960767384516326 0.0235162125604018 0.01438795600378288 0.01061749701724901 0.004978809165864609 0.006931703171818898 0.004179934077039287 -0.004050651803156027 0.008737536422240219 0.01097484651911308 -0.001869517810315967 0.01262559093439622 -0.008893894421861741 -0.004889583139354412 -0.05666045046166314 0.01258357050224203 0.1039337301341435 0.1601071013377195 -0.8521542823219072 0.1009870544371133 0.01025667820216052 0.002881406121673625 -0.04105095292187775 0.0004183167587720027 0.006043193069020477 0.004422939569313612 0.005464473332851214 -0.007747507566597226 0.003931168069215786 0.02145637797427681 0.02345582007293873 0.03085974509860256 0.03413931037761057 0.03549352384884623 0.04988915777955725 0.03702724401901714 0.02544368147340215 0.03250580972971937 0.03014240712131889 0.0249240744820006 0.02593264877463903 0.01848774664959421 0.00197891417630913 0.0169495193637242 0.02848544206205969 0.01919711342066754 0.01861375791348869 0.009377202667458258 0.006575462700497752 0.003923537687734892 0.01367372008420101 0.009789588001224309 0.0403696299043883 -0.0003372238391873688 -0.003993107447698574 0.001184972042131747 0.003838613801975601 0.005683333866064421 -0.003638007241590487 0.06256333278990515 -0.1595178738508197 0.04848851578109935 -0.003399008181017963 -0.3114563564055877 -0.5405100344789399
 -0.1151525529165133 -0.04773905384512715 -0.04585536804475184 -0.3860284595204456 -0.3907570796240361 0.04591952329642325 0.0112139715925762 0.02520100133416769 -0.008743488095287745 0.02140877791270242 0.01860090431859049 0.01168001582340917 -0.001558459971311153 0.0008188585858139752 0.02158826556839339 0.007026067416758841 0.01118112483079168 0.02025383754940343 0.01511783501639798 0.01171571639601224 0.0184727945755331 0.02205895602692757 0.02656698646966804 0.02727672298270849 0.02140217878044639 0.02373376484925717 0.02773399971304326 0.01034391736487628 0.01302027445408749 0.01075950185785411 0.009554778529156953 0.00417581990207834 -0.01011139721342073 -0.005222199070417048 -0.003777461124887868 -0.01838149372322569 -0.01816045544106193 -0.009854906686119371 -0.01621938034359127 -0.01142810891016459 -0.01055658882140715 -0.008870803646057039 -0.01191320802044749 -0.01166823586037636 -0.007871646947946842 -0.01192980296303148 -0.009103290556444817 -0.00592643117914872 -0.004143235633384269 -0.002963818085797184 -0.01046942191561922 -0.0226271893864611 -0.001968772858281511 -0.003955631875065092 -0.03162884228071308 -0.08009582492950849 -0.015769250864192 -0.01288261502688285 -0.003392061255677959 -0.0004161301205391991 0.004702447695590081 -0.005887914453142755 -0.0004110128955046781 0.004271531086803303 0.009827665891776388 0.00603614797683365 0.01401245044482765 0.009199299963485333 0.005205480904669725 0.01856323557507233 0.02397298378996968 0.0268101765738247 0.02071416939579073 0.02689241296181047 0.02773612102111626 0.02006811658794294 0.02361037192864828 0.02325584914035517 0.01241215688240316 0.009527016358759471 -0.01282281205690392 -0.01029187991169085 -0.01860446422624586 -0.017780236453912 -0.01921101020955555 -0.006317824503592005 -0.01686837790202512 -0.01577644062888336 -0.006509846955820956 -0.01076018623045707 -0.009573116905857618 -0.01551189825421049 -0.005651075750683076 -0.008008628459419676 -0.007940407206330432 -0.003247868749626795 -0.009720432193471651 -0.007817240248764583 -0.0005578183282463621 0.00453204865463915 0.0008180888353516397 0.009802384793837174 0.00756318092890863 -0.01542001378675982 0.02839766399895696 0.4693439612282195 0.260199660345161 -0.04428179933996406 0.002982039421067804 0.06711972268627479 0.0005504165238618408 -0.001812084983517152 -0.004697942076410646 -0.005005350354138089 0.001092898406333826 -0.005797941613209682 -0.01283393606585498 -0.01829160417467782 -0.02216619304470888 -0.02625438440829148 -0.02272915540926067 -0.0250477674517072 -0.02262911104287285 -0.02547811310555517 -0.03125307407865512 -0.02176304910496888 -0.03999276224257775 -0.03079360942874621 -0.01490416881777431 -0.01472222212957237 -0.0138112459371917 -0.01838200555364299 -0.01717477083129502 -0.005190468445996072 -0.007727282983264928 -0.01573379928196376 -0.006437326722442736 -0.01129086641120033 -0.008977521501409978 -0.01877354225066934 0.004075147968475794 -0.005775113655765152 -0.002708816827063082 0.0001518718874780261 -0.0113669736437782 -0.002155203756827661 0.005424153520625835 0.1977499684800899 -0.03757123471662115 0.06469315535319518 0.1195152931152804 0.100997885919658
