# Created by Octave 3.2.4, Fri Apr 15 03:41:01 2011 CDT <josh@hell>
# name: t
# type: scalar
4
# name: v
# type: matrix
# rows: 4
# columns: 11
 0.4142125520651823 0.3758635737218899 -0.04008580187604766 -0.2670631882374608 0.7588913006513257 0.3040151569652479 0.7763253127997976 -0.02850423778358189 0.3236996658978133 -0.5589325916645557 0.4536971336109979
 -0.5956104832506839 -0.1123444931401468 -0.3531446036453555 -0.4902599295544466 0.1533486914621378 -0.1673701658698642 0.1540159621660949 -0.3598683307389914 -0.1540251377454406 -0.7489195663746527 -0.01540192027781544
 0.07864732679611122 0.2752017893420707 0.08908155520395042 0.163888588939567 -0.2843369764906853 0.2976277973752645 -0.2911203137098836 0.09515761046575011 0.3092608724396332 0.5572710392437128 0.1306661832761509
 0.1026937320242391 -0.5401907120694258 0.3087466559786348 0.5990089411373732 -0.6358936008679498 -0.4363804603185629 -0.6393781648072983 0.2943627859167464 -0.4863027885169204 0.7449602591637353 -0.5694332300446873
# name: w
# type: matrix
# rows: 10
# columns: 152
 0.1687337076990806 0.0292354348548834 0.03655995820481983 0.5175975127141766 0.2512774011378546 -0.024205624911637 -0.0259243207644442 -0.03244648765136457 0.01555532621589893 0.004458380354677235 -0.004348752102933033 -0.001760777180605315 -0.01514764421515405 -0.01333718566977231 -0.01370777393867792 -0.01722498776760964 -0.01823793421457381 -0.01541072236228488 -0.01507519407935315 -0.01788772423889236 -0.02052662953231954 -0.01683746803729596 -0.01502300807050297 -0.02723208672290425 -0.01487515955027894 -0.01936078752265824 -0.009164474234804433 -0.02510659571670293 -0.01939164538101011 -0.01585370980553283 -0.007823448700673676 0.001844325857088046 0.007333093680755539 -0.002982245613632512 0.009360784802419655 0.006324450748562947 0.0074075976204918 -0.0002284676047048754 -0.0001134087918970529 0.005051106692201195 -0.002141584974178847 0.002832655411953796 0.002063279356568943 -0.0008135386258731229 -0.002760910985397591 -0.006805666817984737 0.0003006235533712938 0.001719452891694189 -0.001308128477684425 0.002872577249323383 0.009230442218279809 0.008197853053945752 0.004466717834666259 0.006415476279391122 0.04777542749968976 0.05937270312157603 0.009690775312372587 0.02109965290658843 0.001361292669656117 0.0001825955907971589 -0.005224463231486393 0.007987796121644833 -0.00563943648502472 0.001944782232943346 -0.002171131934498043 -0.009228544723501261 -0.01465999133593093 -0.005003842801323527 -0.0259155812885981 -0.01372781123589 -0.01426978129650155 -0.01723291155032793 -0.02368678476595121 -0.02147162725190446 -0.005017281516723437 -0.008901793430034232 -0.02030970540968101 -0.01784607192379232 -0.01021310030678891 -0.001221710370898218 0.01812531892366092 0.004782772663848685 -0.003406276850395081 0.008137654622926449 0.006241756809182473 0.005979136165737001 0.007530378618450529 0.004829266104737879 0.01031510239348089 0.006589076372401717 0.007125688739023772 0.01409781824632694 0.003980663068679789 -0.003409101716970331 -0.004036906277843256 -0.001170845281711703 0.004481634177471643 -0.000786188891911389 0.002137214372737437 -0.002669382076693016 -0.005701635791543727 -0.0222961186337591 0.01335904402268838 0.04025643988375181 -0.04681624076471493 -0.1905525428271744 0.01474625001854385 0.008564999636208518 0.002954737187068529 -0.0124081890050481 0.0003188558916455242 0.01391059453419086 0.006677040721264781 0.005642746515972604 0.00585688464454776 0.0001421044469306795 0.01936198530195182 0.009993046605940081 0.01221532188598075 0.008977884918938556 0.01171157089449291 0.01061637573421367 0.004873090644897541 0.02188899752598632 0.01467710953579714 0.01819724115424948 0.0123748924640554 -0.0003641923687324218 0.006205143971264124 0.006744328731983646 -0.006207582588296737 -0.0003625663019629761 0.004228353842124381 0.004103600745240034 -0.001897069997820235 -0.007465521249603996 -0.004079343862197535 0.002816479341811646 0.006528222576620015 0.01429465271550516 -0.001061409992617475 0.0008221625281667538 0.0004811509050842257 -0.000319229341802161 0.007116620691036411 -0.003742865194666742 -0.006375477402560575 -0.03657556274542559 0.06121095446571879 0.02507210981408719 -0.08351580733255551 -0.1954526216334625
 -0.07487061261128049 -0.02340608742660659 -0.02267253118270046 -0.1890142392140423 -0.4539344195324095 0.04651791765736949 -0.003059669935988447 0.01653459560818504 -0.01915593248997547 -0.0005412529449137568 0.01468666512661115 0.003402114298185713 -0.004707250160922156 0.001581364720587684 0.01127880394583801 0.003651339670979501 0.003173600491701415 0.005847563443987226 0.003813498067149277 0.008340634939267903 0.006878891235120381 0.007806497401773384 0.01627541806347219 0.01122556424546043 0.007981831512462532 0.008652813262636588 0.007755041999227935 0.008580451987201575 0.004831925704410198 0.005818074611473635 0.001526432314957952 0.003829570887039312 -0.001419460648671907 0.0007734212383397713 0.0002232935745079855 -0.008771410367835252 -0.006871266980875661 -0.006135878294416027 -0.00517495454968752 -0.003424737755109702 -0.005309314128245402 -0.003269287120588284 -0.006209871381682593 -0.004818147771451204 -0.004394501516681841 -0.006643460430392082 -0.00915562278366917 -0.007049273818791501 -0.002910174617715808 -0.005215694979415085 -0.0163725702241027 -0.01001612822365015 -0.009096207772040631 -0.009857449352624068 -0.0148590654214655 -0.03149405871389408 -0.005058651284678441 -0.004518819988782439 -0.001137069296626964 -0.002351769747508385 0.002205594455072887 0.002597105508912584 -0.002505794728326782 -0.002883330008211291 0.007897321015850906 -0.001056563169230604 0.007381956464455185 0.00093098452096084 0.003195751198315268 0.009473913337202114 0.009005088989571081 0.01267527413972351 0.01118230911360535 0.01364425282889242 0.009986115132934244 0.01259846862961644 0.01092674751168072 0.012109129124328 0.003391686404959486 0.004389865306668789 -0.002188866021093676 -0.005182667804515249 -0.009239786345843727 -0.005659281870401399 -0.005254745095171198 1.092616510370398e-05 -0.005624258371244539 -0.005385386467403769 0.0004973803212596844 -0.005983168152338028 -0.00425022392137326 -0.005239478860668325 -0.00451118890308747 -0.005432651776126335 -0.003228256886479447 0.0007455225945113252 -0.006250136125327852 -0.003025090367936995 -0.00123632367708402 0.002062869560796511 -0.005439917151285626 0.002362317910335157 0.003022289905463494 -0.007581458643416891 0.1313819055842017 0.161927649671528 0.02966193168132608 -0.04346522640958571 -2.810781735939724e-05 0.002250311770158685 0.0001510767118431796 0.003216120665261097 -0.005483640657397222 -0.002866201558912352 -0.001184717325575943 -0.001344997029816092 -0.0240186889896425 -0.01171483937263194 -0.008132595671497168 -0.006069833740922663 -0.0115405816561053 -0.008612247907501898 -0.002510375655668173 -0.009734008882508876 -0.01200094384043766 -0.01057828634717567 -0.005556088051751992 -0.009116144596847269 -0.006015575051083545 -0.003365812186342524 -0.006490518676237723 -0.006690146380648867 -0.004412935305352386 0.002289221378945316 0.0001497558780756847 -0.005795848220326315 0.0001006725756333794 -0.006530687405143874 -0.00683453211101134 -0.01561618087056918 0.004051895682387662 -0.004729375282420429 -0.002913632507613646 0.00160473336508912 -0.01015223012649189 -0.001601795814222971 -4.6488024697958e-06 0.0263761536341407 -0.04716149730255353 0.00934109083648307 0.002764532063263259 -0.001089040080516332
