# Created by Octave 3.2.4, Fri Apr 15 10:13:34 2011 CDT <josh@hell>
# name: t
# type: scalar
4
# name: v
# type: matrix
# rows: 4
# columns: 21
 0.04793143897567508 -0.04134399733323654 -0.03235370463483177 -0.0602398262531329 -0.04298668212592818 -0.07077214740025234 0.007005550406848067 -0.02412736059261505 -0.009364478954054518 -0.02678047335807825 -0.01170041663579786 -0.03049077936414641 -0.01894770872300595 -0.07971870157805899 -0.005571135679491988 -0.03176797589251952 -0.06467586563957051 -0.07343804802292471 -0.01315759482533903 0.02045285759065396 -0.03143563728921075
 0.6543739499523978 -0.1197523967245351 -0.1080773621433073 -0.1368449126604966 -0.1177247579027637 -0.1553387967518502 -0.07067785871346538 -0.1004228723244895 -0.08904331752706197 -0.1041071903557547 -0.08915712460586085 -0.1074502531423831 -0.09326869765341535 -0.1658855574709002 -0.07917275889617742 -0.1163435036508801 -0.1475446360827822 -0.1594561602488582 -0.09494017782267282 -0.05554658899563669 -0.1145437015859246
 -0.3868486264871494 0.009241321010347053 0.002709492650736528 0.0114591713413314 0.006685417740289763 0.007529258742658348 0.003230448823981481 0.007767876512727475 0.00962329500127003 0.003306170976422166 0.002047118104316806 0.006134900140148707 0.006778287892628597 0.01433332400197222 0.00654238988942088 0.002973184577229195 0.001496401520432539 0.005887079611518756 0.004065087854159204 0.002891208921535248 0.008918902256314837
 -0.3068043388999143 0.163219942761181 0.1298643920124087 0.1916353763976962 0.1504361472260704 0.2286241072005998 0.05804117938743072 0.1116062422817956 0.08869537241150906 0.1245023339845392 0.08520692364669978 0.1398353774360008 0.1067302849015094 0.2345901196375238 0.07886555174136757 0.1426176573669808 0.202827399624906 0.2270723787044664 0.09337382577025657 0.03544155145012135 0.1336938446344171
# name: w
# type: matrix
# rows: 20
# columns: 152
 -0.01816816048853063 -0.0002364366256598661 -0.004983281416055225 -0.2029874583207054 -0.2257309610187557 0.01042576654981625 3.490016041976998e-05 -0.001253767238239071 -0.002778633833030508 -0.003523257560043499 -0.001647869807995893 0.005520780044578659 -0.002045369908836041 0.006126300782222415 0.003824812000758236 0.002688707228389345 -9.961786166105412e-05 0.003458504255529585 0.004714021716954938 0.003248306518655985 0.003572826427917695 0.001741112986224719 0.006799853868998657 0.003046846296717527 0.004438788005043163 0.0005640836724095868 0.003206981148352048 -0.002763553170688219 0.004457960788942623 -0.0009895401185518904 0.002211821441028874 -0.002149167552465266 -0.005012600280057378 -0.003006527654840997 0.0007515172100059475 0.001016801615868908 -0.002176467538207401 -0.003418165704337644 -0.001516632721998409 0.003037366590862789 0.001797792048238945 -0.002226969777262288 -0.0004452601737678719 -0.004593719623273224 0.0006073794370387233 0.002665846838938966 -0.005876568346485756 -0.004874892683592398 -0.0007506706843983102 -0.001460117908191857 0.002839397140161516 -0.004240002988288302 -0.002595523475914059 -0.003284706107703814 0.00180290468732891 -0.003104965622970425 -0.004676086076974501 -0.001406041505798501 0.0007598614384575205 0.000293859110357885 -0.004023269260456249 -0.001372745440418388 0.002765908822777338 0.002753022533201946 0.005070436563816094 0.00294757177972229 0.0007517150035235693 0.00364452019561457 0.001527159512841717 -0.0003174646663888036 0.0006294857126462783 0.005793001626673561 -9.149869999259092e-05 -0.002450449933404595 -0.0001178122630085222 0.002763388264318101 0.001751453953646167 0.001998646960324472 0.0007037764914186525 0.001404845629550881 0.001586507248538136 0.001783342101835511 0.002860102434717198 -0.002619049805757319 -0.002325401705562696 0.0005183464730604236 0.002250840985807364 -0.003028459941703381 -0.002913907441066353 -0.004391040645479911 0.0007131176897228728 -0.00433327504175744 -0.005091641010205007 0.001375291984580317 -0.006760505181263867 -0.005090083040237672 0.001396716715941508 0.0003207979705758253 0.001584630571771259 -0.0005379436049481776 -0.003245476873761747 -0.002058844688501375 0.0007732599103166902 -0.001165210724238004 -0.0005346809174575102 0.01472892314079908 -0.01287157782465185 -0.003373572146110482 0.001968511214818044 -0.003934866047528889 -0.008717111104929256 0.002852026494949152 0.004135270815666031 0.0003510086451669836 -0.005712435667166579 -0.004157945513963111 -0.003044257349044469 -0.005129550948453022 -0.006478854373580538 0.000705649202323731 -0.004868300443247666 -0.0006293051358938945 -0.000110694736891701 0.0003379236893613509 -0.003340045261550358 -0.002852608091368699 -0.002014571737715228 -0.001554911548636324 0.004886635774239411 0.001197821117785656 2.26951791296052e-05 -0.00243675372077357 0.003316770206961519 -0.004586181434779868 0.002100851650476726 -0.006595861123343738 -2.869019706446321e-05 0.0004520537987324107 -0.003165484840583267 -0.007431882354282467 -0.004344854394772011 -0.003078499530545777 -0.003089057923269839 -0.002847892172964813 0.001197668537402978 0.001690070394941918 -0.01417232346556868 0.003786011261060535 -0.001206717366033586 0.000324347872235896 -0.01320280944036903 0.003370574834183976
