# Created by Octave 3.2.4, Fri Apr 15 12:22:43 2011 CDT <josh@hell>
# name: t
# type: scalar
4
# name: v
# type: matrix
# rows: 4
# columns: 21
 1.459388057111124 -0.3293443137162794 0.01005896891318963 -0.2312360157743486 -0.193547142098032 -0.3333964516882262 0.3431638487605604 0.2167851972362884 0.3763412933464316 0.08525881092882658 0.3752913514358816 -0.02414060485460781 0.2946317678431197 -0.3303938430573637 0.3826409641324372 -0.09140806717349091 -0.3208976769263825 -0.3414882022822612 0.3586611638902041 0.2420687461304343 -0.05828506267687093
 0.3550022493360664 -0.2602303299284351 -0.319350314517402 -0.2997063358828571 -0.2788930701125236 -0.378360172031645 -0.3281159012317607 -0.4207378570503092 -0.306650688346161 -0.458204693582564 -0.3059291863738647 -0.3131747235564476 -0.3276191140586946 -0.2971727241251698 -0.2845238677341261 -0.2809600892678971 -0.334875837111499 -0.3744135247327263 -0.3193144284554821 -0.06276729630623588 -0.305252809466092
 -0.5889790122644453 0.3007915225946662 0.07910023011672437 0.3140085995091074 0.05993433747227512 0.4127412846822716 0.2224329124517891 0.2476134340419013 0.419785012551807 0.04683645218896134 0.4123907303625978 0.03889941501823094 0.3736679235395967 0.3284338970567748 0.4207562365396713 0.06939956470836169 0.3306818931765625 0.4345078762240293 0.3977888981953571 0.2450786306141292 0.05466716195666704
 -1.216758870641739 0.3001479907638051 0.2223339333724946 0.222943560973496 0.4089159996759493 0.309057760828757 -0.2398815400757934 -0.04883688835046208 -0.489564746620415 0.3230302717119045 -0.4953563949152564 0.3064451584624436 -0.3393884109063059 0.3024518547162946 -0.5182092858828635 0.3004479541338363 0.3171949202843051 0.2814591008351611 -0.447794492653675 -0.4211410514716539 0.3055041182018938
# name: w
# type: matrix
# rows: 20
# columns: 152
 -0.1691315650399599 -0.1034858585025009 -0.1113433771170416 -0.8553504446069985 -0.9699760518962273 0.1889636055060922 -0.01569513071820037 0.1140060341374989 -0.0218443827679904 -0.004697303123051734 -0.004785647378772083 -0.001856504453826409 0.0032835138180493 -0.004792462731365683 0.01050014832711804 0.006655084594495156 0.005829741206121833 0.01382195317883187 0.02065843668535904 0.01685647113250863 0.02619208067165438 0.02275564328716597 0.03108631846029722 0.02704904777557984 0.02958995584559541 0.03667559772866921 0.02956256504141865 0.01267909781036163 0.02059166790532304 0.02016913198479021 0.02075269524121737 0.01348825262197832 -0.0216427388281865 -0.0181525740990119 -0.0230602632967845 -0.0219841738059195 -0.03007720373598301 -0.02493091548203505 -0.02274928395964333 -0.01938815737791451 -0.01604987450824961 -0.02273434885043468 -0.01200219007404683 -0.01468049742586938 -0.009170003557401786 -0.009627161744587956 -0.01120986548509315 -0.002703511417329587 -0.003889859802173245 -0.01030203605855152 -0.0006718670365515548 -0.007979287905159517 -0.01143970170766322 -0.015430200461278 0.002978578942474612 -0.09217035706462887 -0.03777218231043467 -0.04681276778895668 -0.01594996929277047 0.0004078140680981999 -0.02112215064989786 -0.01451602507675522 0.005050105666829312 -0.01171553091306662 0.004597041031625389 0.004794954972295314 0.008660754879372692 0.01095565899314416 0.02135866620859171 0.01939885198140592 0.02350553593387854 0.02763989697629316 0.02667199474039098 0.03260994200025727 0.03902193165241914 0.03300375604687798 0.02795962547615705 0.04473851892926248 0.04117954529260481 0.0309573530274578 -0.04550384937874315 -0.02155685791671639 -0.02717289617450046 -0.03808865721471547 -0.03065600811469069 -0.02360478215459943 -0.02382579090100124 -0.02520382196147225 -0.02234449125340825 -0.02342293236450898 -0.01467815560185867 -0.02197796510254355 -0.01285757854911585 7.897683644579386e-05 -0.007689169473316652 -0.01029474163140146 0.004823891834674836 0.001504090578273976 0.007538625887733605 0.02038559458244808 -0.0004960340861317708 0.02330360226051842 -0.004804117665375423 -0.005865735741979542 0.09676448943914528 0.4174855033007197 -0.01212971355085978 0.0008712119890516274 0.1477630524658633 -0.0003749764521851019 -0.009282647577073862 0.001629598502379285 0.004185781822416163 0.0006403499272264195 -0.007662951888215148 -0.009517351669032708 0.01671575312632145 -0.01832487471476554 -0.0264640155759913 -0.01545219250781367 -0.03180150437160922 -0.02912463206730946 -0.04168965986035045 -0.0486767398292506 -0.03721469842433225 -0.04290746127467722 -0.05767652757719909 -0.06202561321116452 -0.02940736754946618 -0.01987160774526374 -0.0329791376860586 -0.03861554278023363 -0.02683636517544892 -0.02404161839505597 -0.0161382282790497 -0.02348609792964495 -0.01386754460356569 -0.01085153564820891 -0.01281353928836083 -0.04237640298983868 -0.006227103340102776 -0.006730068580208818 -0.003210753434648393 -0.003158701142856586 -0.01889980477684405 0.001700914324901079 -0.02809449754948237 0.1955664613605723 0.03221702658203718 0.05644739580934403 0.09334035275829809 0.1431964014945846
