# Created by Octave 3.2.4, Fri Apr 15 11:29:01 2011 CDT <josh@hell>
# name: t
# type: scalar
4
# name: v
# type: matrix
# rows: 4
# columns: 21
 1.099195957892291 -0.1003738175688684 -0.003288998891006822 -0.2016016451182557 -0.08877764576369106 -0.2066261542011403 0.3725695994826461 0.092344153212368 0.2505627460847009 0.04807595771221292 0.2545682159869643 -0.03076791240535262 0.1533557318687116 -0.2141922735278841 0.2954399691498114 -0.0464906173966166 -0.1619903696110513 -0.217073046907135 0.2156970891042491 0.3976891264595677 -0.03267339942590676
 0.8833174958115304 -0.2562608671240412 -0.2927109575031163 -0.2351581698257517 -0.2610450313441506 -0.2684386954647547 -0.2724625017689025 -0.3182401916009618 -0.2812806085004111 -0.3172526578095073 -0.2838757815633386 -0.2776551890355485 -0.2754837876787616 -0.2558785525979164 -0.2844954003718584 -0.2786679917332398 -0.2426712450949372 -0.2742070509424729 -0.2822322436644703 -0.2181570147786367 -0.2817511615305121
 -0.7920673889089511 0.213995622332872 0.09561594915250565 0.2659186175371516 0.1909361930542925 0.3068748777088456 0.1082979446032467 0.07669424404236307 0.1701604883321865 0.05024900461161144 0.1636300110437192 0.1336561796491656 0.1271844543719799 0.3064151365314012 0.1700274751683351 0.1510609323761628 0.2416769790240046 0.3084266957356178 0.15708766722745 0.1141434477256661 0.1340366133175251
 -1.181793641253861 0.1540039320737946 0.1925268251266236 0.1768510062322533 0.1552966089912173 0.1782323937482055 -0.2108057224121962 0.1440256802236498 -0.139531754984813 0.2158485367328115 -0.1479259449579868 0.182796166861355 -0.003764232144213374 0.1669748741849357 -0.180307996891169 0.1715770391545038 0.1550879351049699 0.1829186521581928 -0.1012113716908253 -0.2904365304399227 0.1770213556544906
# name: w
# type: matrix
# rows: 20
# columns: 152
 -0.09148323923804631 -0.06157112050515899 -0.05973502758406971 -0.5893286567431177 -0.7298512222567376 0.05456590333838623 -0.04401799242395034 0.004588092470631087 -0.00635150598332371 -0.004788895750414486 -0.001446860893042112 0.005270364652069614 -0.00212986109016335 0.006602408838583346 0.008653512310912085 0.007695995529581062 0.001260779972979862 0.004838725653429223 0.01053653890158348 0.01380356452121373 0.01344897769627392 0.01309624214007095 0.01784583950406033 0.01280473599229319 0.01513557156868877 0.01190534361338616 0.01851165481403516 0.008830483956120565 0.00856803192739726 0.01011270218462687 0.01452087140120787 0.0101909103145936 -0.01353345578410553 -0.01069739774021471 -0.01171698843724185 -0.01545676728992254 -0.01518957435817988 -0.01738982114699248 -0.01670714596849095 -0.007557580780058433 -0.006990102199063334 -0.01319706672665078 -0.009833729690332913 -0.0118550971250857 -0.006186367128573288 -0.00466523340208083 -0.007176419969699553 -0.005930151655889549 0.00144018742325757 -0.003222099524897489 0.01031180462585044 -0.003331362845110292 -0.00673998081899436 0.000308786791265065 0.003302598074373719 -0.02025210641669383 -0.02229677677498889 -0.02071866040975535 0.002332917391944001 -0.001253948778041591 -0.01470811344296049 -0.00322575281400558 0.001900576282972402 -0.0003354857165746082 0.008320374095912488 0.004206404927337258 0.008546704224328096 0.006658162582068937 0.01016175682813841 0.006997489200360093 0.009284884829736079 0.0203499668173053 0.01121195387046035 0.01252825928262829 0.02194578179636988 0.02088805763799761 0.00911361072822647 0.01260351411545305 0.02276838329788308 0.02725951578669457 -0.01101689565111102 -0.006487293619279476 -0.01562766439649829 -0.0221530925186751 -0.01878446957994577 -0.01350075631662323 -0.01007966439666456 -0.01395935116969915 -0.01296872208248228 -0.01809278369405861 -0.009421767314708791 -0.0109406381926607 -0.007085522507586487 -0.0009107735520779294 -0.007014507069263994 -0.003371312326711442 0.005241341770785336 0.001868952346335921 0.01687465527697795 0.008570190985032112 0.003367932493293238 0.02519896294504239 -0.009297306567195102 -0.01406778113136334 0.04441672611458822 0.1474424984089409 -0.01091238685574003 -0.0008190473260735651 0.1012222386194774 -0.007858717271207072 -0.008456105252758365 -0.004707870201891972 0.001663118548784627 -0.001634598961449828 -0.006691884195356631 -0.006271527138269979 -0.009323337668173795 -0.01058167411943958 -0.01099082137464683 -0.01028478654855757 -0.01198166475348235 -0.009162518689387521 -0.01706388508001144 -0.02025998310230051 -0.005884218665740233 -0.01736943715343384 -0.03060537843789153 -0.03445440668090649 -0.009632427032481093 -0.01929313223966128 -0.02712068102719105 -0.02444651796573561 -0.01306569257217972 -0.01276649345160796 -0.01020977126112617 -0.01894639863871933 -0.01033726261099362 -0.007283095848634142 -0.01349003555585446 -0.01588688024079174 -0.004911940301599129 -0.00641821318752869 -0.00335317291873066 -0.003049988001783761 -0.001330811171707174 0.003412973788574444 -0.01768008975600157 0.09864269602256555 0.1169657704918634 0.005016046517702186 -0.01575862726993273 -0.0007538814285697401
